 ---------------------------------------------------------------
 Surface and Strip Forces by surface

  Forces referred to Sref, Cref, Bref about Xref, Yref, Zref
 Standard axis orientation,  X fwd, Z down         

  Surface # 1     main_wing                               
     # Chordwise = 10   # Spanwise = 25     First strip =  1
     Surface area =   35.844147       Ave. chord =    2.469684
     CLsurf  =   0.62500     Clsurf  =  -0.12698
     CYsurf  =  -0.03299     Cmsurf  =  -2.11210
     CDsurf  =   0.02205     Cnsurf  =  -0.00292
     CDisurf =   0.02205     CDvsurf =   0.00000

  Forces referred to Ssurf, Cave about hinge axis thru LE
     CLsurf  =   1.22220     CDsurf  =   0.04306
     Deflect =

 Strip Forces referred to Strip Area, Chord
    j      Yle    Chord     Area     c cl      ai      cl_norm  cl       cd       cdv    cm_c/4    cm_LE  C.P.x/c
     1   0.0140   3.4621   0.1945   4.3824   0.0964   1.2612   1.2598   0.1501   0.0000   0.0087  -0.3077    0.243
     2   0.1261   3.4470   0.5780   4.1171   0.0941   1.2025   1.2011   0.0761   0.0000   0.0031  -0.2955    0.247
     3   0.3484   3.4171   0.9449   4.0921   0.0914   1.2074   1.2060   0.0670   0.0000   0.0032  -0.2961    0.247
     4   0.6775   3.3729   1.2851   4.0700   0.0884   1.2181   1.2167   0.0598   0.0000   0.0036  -0.2980    0.247
     5   1.1082   3.3150   1.5895   4.0384   0.0851   1.2306   1.2292   0.0555   0.0000   0.0039  -0.3006    0.247
     6   1.6337   3.2443   1.8505   3.9942   0.0815   1.2444   1.2430   0.0523   0.0000   0.0040  -0.3037    0.247
     7   2.2457   3.1620   2.0626   3.9312   0.0777   1.2566   1.2552   0.0532   0.0000   0.0037  -0.3070    0.247
     8   2.9345   3.0694   2.2221   3.8516   0.0736   1.2688   1.2674   0.0510   0.0000   0.0035  -0.3101    0.247
     9   3.6894   2.9679   2.3273   3.7508   0.0695   1.2785   1.2770   0.0481   0.0000   0.0030  -0.3129    0.248
    10   4.4983   2.8591   2.3788   3.6374   0.0655   1.2879   1.2865   0.0435   0.0000   0.0030  -0.3150    0.248
    11   5.3485   2.7448   2.3790   3.5001   0.0616   1.2914   1.2900   0.0407   0.0000   0.0023  -0.3164    0.248
    12   6.2267   2.6267   2.3320   3.3581   0.0582   1.2956   1.2942   0.0362   0.0000   0.0029  -0.3166    0.248
    13   7.1189   2.5068   2.2431   3.1905   0.0552   1.2898   1.2883   0.0366   0.0000   0.0021  -0.3160    0.248
    14   8.0112   2.3868   2.1189   3.0051   0.0529   1.2743   1.2728   0.0447   0.0000   0.0008  -0.3138    0.249
    15   8.8893   2.2687   1.9663   2.8578   0.0514   1.2767   1.2753   0.0348   0.0000   0.0040  -0.3108    0.247
    16   9.7396   2.1544   1.7924   2.6422   0.0511   1.2453   1.2440   0.0220   0.0000   0.0017  -0.3048    0.249
    17  10.5740   2.0296   1.6936   2.4524   0.0520   1.2258   1.2241   0.0294   0.0000   0.0032  -0.2986    0.247
    18  11.3773   1.8979   1.4621   2.2439   0.0549   1.1992   1.1976   0.0298   0.0000   0.0045  -0.2909    0.246
    19  12.1103   1.7776   1.2339   2.0267   0.0606   1.1559   1.1544   0.0310   0.0000   0.0065  -0.2783    0.244
    20  12.7615   1.6708   1.0141   1.7965   0.0697   1.0893   1.0879   0.0335   0.0000   0.0097  -0.2589    0.241
    21  13.3207   1.5791   0.8057   1.5455   0.0824   0.9906   0.9893   0.0359   0.0000   0.0145  -0.2300    0.235
    22  13.7790   1.5039   0.6097   1.2642   0.0977   0.8495   0.8484   0.0374   0.0000   0.0205  -0.1896    0.226
    23  14.1292   1.4464   0.4256   0.9447   0.1134   0.6588   0.6579   0.0357   0.0000   0.0251  -0.1381    0.212
    24  14.3658   1.4076   0.2512   0.5867   0.1267   0.4193   0.4187   0.0287   0.0000   0.0231  -0.0811    0.195
    25  14.4851   1.3881   0.0830   0.1994   0.1354   0.1439   0.1438   0.0128   0.0000   0.0100  -0.0259    0.180

  Surface # 2     main_wing (YDUP)                        
     # Chordwise = 10   # Spanwise = 25     First strip = 26
     Surface area =   35.844147       Ave. chord =    2.469684
     CLsurf  =   0.62500     Clsurf  =   0.12698
     CYsurf  =   0.03299     Cmsurf  =  -2.11211
     CDsurf  =   0.02205     Cnsurf  =   0.00292
     CDisurf =   0.02205     CDvsurf =   0.00000

  Forces referred to Ssurf, Cave about hinge axis thru LE
     CLsurf  =   1.22220     CDsurf  =   0.04306
     Deflect =

 Strip Forces referred to Strip Area, Chord
    j      Yle    Chord     Area     c cl      ai      cl_norm  cl       cd       cdv    cm_c/4    cm_LE  C.P.x/c
    26  -0.0140   3.4621   0.1945   4.3824   0.0964   1.2612   1.2598   0.1501   0.0000   0.0087   0.3077    0.243
    27  -0.1261   3.4470   0.5780   4.1171   0.0941   1.2025   1.2011   0.0761   0.0000   0.0031   0.2955    0.247
    28  -0.3484   3.4171   0.9449   4.0921   0.0914   1.2074   1.2060   0.0670   0.0000   0.0032   0.2961    0.247
    29  -0.6775   3.3729   1.2851   4.0700   0.0884   1.2181   1.2167   0.0598   0.0000   0.0036   0.2980    0.247
    30  -1.1082   3.3150   1.5895   4.0384   0.0851   1.2306   1.2292   0.0555   0.0000   0.0039   0.3006    0.247
    31  -1.6337   3.2443   1.8505   3.9941   0.0815   1.2444   1.2430   0.0523   0.0000   0.0040   0.3037    0.247
    32  -2.2457   3.1620   2.0626   3.9312   0.0777   1.2566   1.2552   0.0532   0.0000   0.0037   0.3070    0.247
    33  -2.9345   3.0694   2.2221   3.8516   0.0736   1.2688   1.2674   0.0510   0.0000   0.0035   0.3101    0.247
    34  -3.6894   2.9679   2.3273   3.7508   0.0695   1.2784   1.2770   0.0481   0.0000   0.0030   0.3129    0.248
    35  -4.4983   2.8591   2.3788   3.6374   0.0655   1.2879   1.2865   0.0435   0.0000   0.0030   0.3150    0.248
    36  -5.3485   2.7448   2.3790   3.5001   0.0616   1.2915   1.2900   0.0406   0.0000   0.0023   0.3164    0.248
    37  -6.2267   2.6267   2.3320   3.3581   0.0582   1.2956   1.2942   0.0362   0.0000   0.0029   0.3166    0.248
    38  -7.1189   2.5068   2.2431   3.1905   0.0552   1.2898   1.2883   0.0366   0.0000   0.0021   0.3160    0.248
    39  -8.0112   2.3868   2.1189   3.0051   0.0529   1.2742   1.2728   0.0447   0.0000   0.0008   0.3138    0.249
    40  -8.8893   2.2687   1.9663   2.8578   0.0514   1.2768   1.2753   0.0349   0.0000   0.0040   0.3108    0.247
    41  -9.7396   2.1544   1.7924   2.6423   0.0511   1.2453   1.2440   0.0221   0.0000   0.0018   0.3048    0.249
    42 -10.5740   2.0296   1.6936   2.4524   0.0520   1.2258   1.2241   0.0294   0.0000   0.0032   0.2986    0.247
    43 -11.3773   1.8979   1.4621   2.2439   0.0549   1.1992   1.1976   0.0298   0.0000   0.0045   0.2909    0.246
    44 -12.1103   1.7776   1.2339   2.0267   0.0606   1.1559   1.1544   0.0310   0.0000   0.0065   0.2783    0.244
    45 -12.7615   1.6708   1.0141   1.7965   0.0697   1.0893   1.0879   0.0335   0.0000   0.0097   0.2589    0.241
    46 -13.3207   1.5791   0.8057   1.5455   0.0824   0.9906   0.9893   0.0359   0.0000   0.0145   0.2300    0.235
    47 -13.7790   1.5039   0.6097   1.2642   0.0977   0.8495   0.8484   0.0374   0.0000   0.0205   0.1896    0.226
    48 -14.1292   1.4464   0.4256   0.9447   0.1134   0.6588   0.6579   0.0357   0.0000   0.0251   0.1381    0.212
    49 -14.3658   1.4076   0.2512   0.5867   0.1267   0.4193   0.4187   0.0287   0.0000   0.0231   0.0811    0.195
    50 -14.4851   1.3881   0.0830   0.1994   0.1354   0.1439   0.1438   0.0128   0.0000   0.0100   0.0259    0.180
 ---------------------------------------------------------------
