 ---------------------------------------------------------------
 Surface and Strip Forces by surface

  Forces referred to Sref, Cref, Bref about Xref, Yref, Zref
 Standard axis orientation,  X fwd, Z down         

  Surface # 1     main_wing                               
     # Chordwise = 10   # Spanwise = 25     First strip =  1
     Surface area =    7.861920       Ave. chord =    1.473425
     CLsurf  =   0.22112     Clsurf  =  -0.04081
     CYsurf  =  -0.00526     Cmsurf  =  -0.25814
     CDsurf  =   0.00475     Cnsurf  =  -0.00192
     CDisurf =   0.00475     CDvsurf =   0.00000

  Forces referred to Ssurf, Cave about hinge axis thru LE
     CLsurf  =   0.44205     CDsurf  =   0.00950
     Deflect =

 Strip Forces referred to Strip Area, Chord
    j      Yle    Chord     Area     c cl      ai      cl_norm  cl       cd       cdv    cm_c/4    cm_LE  C.P.x/c
     1   0.0062   3.3979   0.0842   1.0379   0.0772   0.3102   0.3041   0.0288   0.0000  -0.0574  -0.1306    0.439
     2   0.0556   3.3815   0.2500   1.0242   0.0767   0.3092   0.3031   0.0107   0.0000  -0.0568  -0.1293    0.437
     3   0.1538   3.3487   0.4083   1.0221   0.0770   0.3117   0.3055   0.0100   0.0000  -0.0565  -0.1297    0.435
     4   0.2990   3.3003   0.5545   1.0183   0.0789   0.3151   0.3088   0.0103   0.0000  -0.0557  -0.1297    0.430
     5   0.4891   3.2370   0.6844   1.0087   0.0839   0.3182   0.3119   0.0103   0.0000  -0.0538  -0.1286    0.423
     6   0.6904   3.0342   0.5705   0.9830   0.0734   0.3294   0.3242   0.0112   0.0000  -0.0526  -0.1156    0.412
     7   0.8923   2.6641   0.5728   0.9447   0.0573   0.3605   0.3549   0.0127   0.0000  -0.0539  -0.1235    0.402
     8   1.1195   2.2475   0.5363   0.8997   0.0431   0.4069   0.4005   0.0148   0.0000  -0.0565  -0.1356    0.391
     9   1.3685   1.7910   0.4629   0.8492   0.0210   0.4819   0.4743   0.0190   0.0000  -0.0628  -0.1570    0.382
    10   1.6551   1.5035   0.4723   0.8169   0.0290   0.6619   0.5436   0.0206   0.0000  -0.0688  -0.1802    0.377
    11   1.9763   1.4072   0.4605   0.7912   0.0403   0.6855   0.5630   0.0163   0.0000  -0.0655  -0.1815    0.366
    12   2.3081   1.3077   0.4383   0.7537   0.0408   0.7031   0.5775   0.0125   0.0000  -0.0638  -0.1831    0.361
    13   2.6452   1.2066   0.4076   0.7059   0.0382   0.7141   0.5865   0.0089   0.0000  -0.0630  -0.1843    0.357
    14   2.9824   1.1055   0.3705   0.6500   0.0342   0.7180   0.5897   0.0056   0.0000  -0.0625  -0.1846    0.356
    15   3.3142   1.0060   0.3292   0.5882   0.0294   0.7144   0.5867   0.0023   0.0000  -0.0623  -0.1836    0.356
    16   3.6354   0.9097   0.2857   0.5227   0.0241   0.7023   0.5768  -0.0007   0.0000  -0.0621  -0.1812    0.358
    17   3.9410   0.8180   0.2422   0.4555   0.0184   0.6809   0.5593  -0.0035   0.0000  -0.0619  -0.1771    0.361
    18   4.2262   0.7325   0.2002   0.3887   0.0127   0.6493   0.5333  -0.0060   0.0000  -0.0616  -0.1711    0.366
    19   4.4865   0.6544   0.1612   0.3243   0.0071   0.6065   0.4982  -0.0080   0.0000  -0.0612  -0.1630    0.373
    20   4.7177   0.5851   0.1260   0.2639   0.0019   0.5522   0.4535  -0.0094   0.0000  -0.0605  -0.1525    0.383
    21   4.9163   0.5256   0.0951   0.2085  -0.0020   0.4859   0.3991  -0.0100   0.0000  -0.0591  -0.1394    0.398
    22   5.0790   0.4768   0.0686   0.1585  -0.0034   0.4075   0.3347  -0.0097   0.0000  -0.0561  -0.1226    0.418
    23   5.2034   0.4395   0.0459   0.1129  -0.0006   0.3148   0.2585  -0.0083   0.0000  -0.0496  -0.1002    0.442
    24   5.2874   0.4143   0.0262   0.0688   0.0072   0.2037   0.1673  -0.0059   0.0000  -0.0365  -0.0687    0.468
    25   5.3297   0.4016   0.0085   0.0234   0.0162   0.0716   0.0588  -0.0026   0.0000  -0.0143  -0.0254    0.493

  Surface # 2     main_wing (YDUP)                        
     # Chordwise = 10   # Spanwise = 25     First strip = 26
     Surface area =    7.861920       Ave. chord =    1.473425
     CLsurf  =   0.22112     Clsurf  =   0.04081
     CYsurf  =   0.00526     Cmsurf  =  -0.25814
     CDsurf  =   0.00475     Cnsurf  =   0.00192
     CDisurf =   0.00475     CDvsurf =   0.00000

  Forces referred to Ssurf, Cave about hinge axis thru LE
     CLsurf  =   0.44205     CDsurf  =   0.00950
     Deflect =

 Strip Forces referred to Strip Area, Chord
    j      Yle    Chord     Area     c cl      ai      cl_norm  cl       cd       cdv    cm_c/4    cm_LE  C.P.x/c
    26  -0.0062   3.3979   0.0842   1.0379   0.0772   0.3102   0.3041   0.0288   0.0000  -0.0574   0.1306    0.439
    27  -0.0556   3.3815   0.2500   1.0242   0.0767   0.3092   0.3031   0.0107   0.0000  -0.0568   0.1293    0.437
    28  -0.1538   3.3487   0.4083   1.0221   0.0770   0.3117   0.3055   0.0100   0.0000  -0.0565   0.1297    0.435
    29  -0.2990   3.3003   0.5545   1.0183   0.0789   0.3151   0.3088   0.0103   0.0000  -0.0557   0.1297    0.430
    30  -0.4891   3.2370   0.6844   1.0087   0.0839   0.3182   0.3119   0.0103   0.0000  -0.0538   0.1286    0.423
    31  -0.6904   3.0342   0.5705   0.9830   0.0734   0.3294   0.3242   0.0112   0.0000  -0.0526   0.1156    0.412
    32  -0.8923   2.6641   0.5728   0.9447   0.0573   0.3605   0.3549   0.0127   0.0000  -0.0539   0.1235    0.402
    33  -1.1195   2.2475   0.5363   0.8997   0.0431   0.4069   0.4005   0.0148   0.0000  -0.0565   0.1356    0.391
    34  -1.3685   1.7910   0.4629   0.8492   0.0210   0.4819   0.4743   0.0190   0.0000  -0.0628   0.1570    0.382
    35  -1.6551   1.5035   0.4723   0.8169   0.0290   0.6619   0.5436   0.0206   0.0000  -0.0688   0.1802    0.377
    36  -1.9763   1.4072   0.4605   0.7912   0.0403   0.6855   0.5630   0.0163   0.0000  -0.0655   0.1815    0.366
    37  -2.3081   1.3077   0.4383   0.7537   0.0408   0.7031   0.5775   0.0125   0.0000  -0.0638   0.1831    0.361
    38  -2.6452   1.2066   0.4076   0.7059   0.0382   0.7141   0.5865   0.0089   0.0000  -0.0630   0.1843    0.357
    39  -2.9824   1.1055   0.3705   0.6500   0.0342   0.7180   0.5897   0.0055   0.0000  -0.0625   0.1845    0.356
    40  -3.3142   1.0060   0.3292   0.5882   0.0294   0.7144   0.5867   0.0023   0.0000  -0.0623   0.1836    0.356
    41  -3.6354   0.9097   0.2857   0.5227   0.0241   0.7023   0.5768  -0.0007   0.0000  -0.0621   0.1812    0.358
    42  -3.9410   0.8180   0.2422   0.4555   0.0184   0.6809   0.5593  -0.0035   0.0000  -0.0619   0.1771    0.361
    43  -4.2262   0.7325   0.2002   0.3887   0.0127   0.6493   0.5333  -0.0060   0.0000  -0.0616   0.1711    0.366
    44  -4.4865   0.6544   0.1612   0.3243   0.0071   0.6065   0.4982  -0.0080   0.0000  -0.0612   0.1630    0.373
    45  -4.7177   0.5851   0.1260   0.2639   0.0019   0.5522   0.4535  -0.0094   0.0000  -0.0605   0.1525    0.383
    46  -4.9163   0.5256   0.0951   0.2085  -0.0020   0.4859   0.3991  -0.0100   0.0000  -0.0591   0.1394    0.398
    47  -5.0790   0.4768   0.0686   0.1585  -0.0034   0.4075   0.3347  -0.0097   0.0000  -0.0561   0.1226    0.418
    48  -5.2034   0.4395   0.0459   0.1129  -0.0006   0.3148   0.2585  -0.0083   0.0000  -0.0496   0.1002    0.442
    49  -5.2874   0.4143   0.0262   0.0688   0.0072   0.2037   0.1673  -0.0059   0.0000  -0.0365   0.0687    0.468
    50  -5.3297   0.4016   0.0085   0.0234   0.0162   0.0716   0.0588  -0.0026   0.0000  -0.0143   0.0254    0.493

  Surface # 3     vertical_stabilizer                     
     # Chordwise = 10   # Spanwise = 25     First strip = 51
     Surface area =    0.624999       Ave. chord =    1.249999
     CLsurf  =  -0.00000     Clsurf  =   0.00000
     CYsurf  =   0.00000     Cmsurf  =   0.00000
     CDsurf  =   0.00000     Cnsurf  =  -0.00000
     CDisurf =   0.00000     CDvsurf =   0.00000

  Forces referred to Ssurf, Cave about hinge axis thru LE
     CLsurf  =  -0.00000     CDsurf  =   0.00000
     Deflect =

 Strip Forces referred to Strip Area, Chord
    j      Yle    Chord     Area     c cl      ai      cl_norm  cl       cd       cdv    cm_c/4    cm_LE  C.P.x/c
    51   0.0000   1.4980   0.0074   0.0000   0.0000   0.0000   0.0000   0.0000   0.0000  -0.0000  -0.0000    0.837
    52   0.0000   1.4913   0.0126   0.0000  -0.0000   0.0000   0.0000   0.0000   0.0000  -0.0000  -0.0000    0.857
    53   0.0000   1.4812   0.0175   0.0000  -0.0000   0.0000   0.0000  -0.0000   0.0000  -0.0000  -0.0000    0.503
    54   0.0000   1.4677   0.0222   0.0000   0.0000   0.0000   0.0000  -0.0000   0.0000  -0.0000  -0.0000    0.657
    55   0.0000   1.4510   0.0263   0.0000   0.0000   0.0000   0.0000  -0.0000   0.0000  -0.0000  -0.0000    0.709
    56   0.0000   1.4314   0.0300  -0.0000  -0.0000  -0.0000  -0.0000   0.0000   0.0000   0.0000   0.0000    0.897
    57   0.0000   1.4092   0.0331  -0.0000  -0.0000  -0.0000  -0.0000  -0.0000   0.0000   0.0000   0.0000    0.798
    58   0.0000   1.3846   0.0355  -0.0000  -0.0000  -0.0000  -0.0000   0.0000   0.0000   0.0000   0.0000    0.751
    59   0.0000   1.3579   0.0373  -0.0000   0.0000  -0.0000  -0.0000   0.0000   0.0000   0.0000   0.0000    0.889
    60   0.0000   1.3297   0.0384  -0.0000   0.0000  -0.0000  -0.0000   0.0000   0.0000   0.0000   0.0000    0.994
    61   0.0000   1.3003   0.0388  -0.0000   0.0000  -0.0000  -0.0000  -0.0000   0.0000   0.0000   0.0000    1.123
    62   0.0000   1.2701   0.0386  -0.0000   0.0000  -0.0000  -0.0000  -0.0000   0.0000   0.0000   0.0000    1.164
    63   0.0000   1.2396   0.0378  -0.0000   0.0000  -0.0000  -0.0000   0.0000   0.0000   0.0000   0.0000    1.130
    64   0.0000   1.2093   0.0364  -0.0000   0.0000  -0.0000  -0.0000   0.0000   0.0000   0.0000   0.0000    0.886
    65   0.0000   1.1795   0.0346  -0.0000   0.0000  -0.0000  -0.0000  -0.0000   0.0000   0.0000   0.0000    0.752
    66   0.0000   1.1508   0.0323  -0.0000   0.0000  -0.0000  -0.0000   0.0000   0.0000   0.0000   0.0000    1.569
    67   0.0000   1.1236   0.0296  -0.0000   0.0000  -0.0000  -0.0000   0.0000   0.0000   0.0000   0.0000    1.109
    68   0.0000   1.0982   0.0267  -0.0000   0.0000  -0.0000  -0.0000   0.0000   0.0000   0.0000   0.0000    1.312
    69   0.0000   1.0751   0.0235  -0.0000   0.0000  -0.0000  -0.0000  -0.0000   0.0000   0.0000   0.0000
    70   0.0000   1.0546   0.0201   0.0000   0.0000   0.0000   0.0000  -0.0000   0.0000  -0.0000  -0.0000    0.881
    71   0.0000   1.0370   0.0166   0.0000   0.0000   0.0000   0.0000   0.0000   0.0000  -0.0000  -0.0000    1.520
    72   0.0000   1.0226   0.0130   0.0000   0.0000   0.0000   0.0000   0.0000   0.0000  -0.0000  -0.0000
    73   0.0000   1.0116   0.0093   0.0000   0.0000   0.0000   0.0000  -0.0000   0.0000  -0.0000  -0.0000    1.111
    74   0.0000   1.0042   0.0056   0.0000   0.0000   0.0000   0.0000  -0.0000   0.0000  -0.0000  -0.0000    0.892
    75   0.0000   1.0005   0.0019   0.0000   0.0000   0.0000   0.0000  -0.0000   0.0000  -0.0000  -0.0000    0.992
 ---------------------------------------------------------------
