 ---------------------------------------------------------------
 Surface and Strip Forces by surface

  Forces referred to Sref, Cref, Bref about Xref, Yref, Zref
 Standard axis orientation,  X fwd, Z down         

  Surface # 1     main_wing                               
     # Chordwise = 10   # Spanwise = 25     First strip =  1
     Surface area =    7.861920       Ave. chord =    1.473425
     CLsurf  =   0.30424     Clsurf  =  -0.05681
     CYsurf  =  -0.00829     Cmsurf  =  -0.34323
     CDsurf  =   0.00891     Cnsurf  =  -0.00417
     CDisurf =   0.00891     CDvsurf =   0.00000

  Forces referred to Ssurf, Cave about hinge axis thru LE
     CLsurf  =   0.60827     CDsurf  =   0.01781
     Deflect =

 Strip Forces referred to Strip Area, Chord
    j      Yle    Chord     Area     c cl      ai      cl_norm  cl       cd       cdv    cm_c/4    cm_LE  C.P.x/c
     1   0.0062   3.3979   0.0842   1.4170   0.1055   0.4204   0.4121   0.0656   0.0000  -0.0590  -0.1594    0.393
     2   0.0556   3.3815   0.2500   1.3913   0.1048   0.4199   0.4116   0.0238   0.0000  -0.0581  -0.1572    0.391
     3   0.1538   3.3487   0.4083   1.3878   0.1050   0.4232   0.4149   0.0218   0.0000  -0.0577  -0.1575    0.389
     4   0.2990   3.3003   0.5545   1.3820   0.1068   0.4277   0.4192   0.0219   0.0000  -0.0567  -0.1576    0.385
     5   0.4891   3.2370   0.6844   1.3680   0.1118   0.4316   0.4231   0.0219   0.0000  -0.0545  -0.1564    0.379
     6   0.6904   3.0342   0.5705   1.3352   0.0992   0.4476   0.4405   0.0229   0.0000  -0.0535  -0.1417    0.371
     7   0.8923   2.6641   0.5728   1.2852   0.0794   0.4907   0.4830   0.0247   0.0000  -0.0550  -0.1522    0.364
     8   1.1195   2.2475   0.5363   1.2246   0.0607   0.5543   0.5456   0.0272   0.0000  -0.0582  -0.1685    0.357
     9   1.3685   1.7910   0.4629   1.1550   0.0306   0.6561   0.6457   0.0323   0.0000  -0.0662  -0.1971    0.353
    10   1.6551   1.5035   0.4723   1.1052   0.0369   0.8959   0.7365   0.0331   0.0000  -0.0734  -0.2266    0.350
    11   1.9763   1.4072   0.4605   1.0679   0.0505   0.9261   0.7614   0.0265   0.0000  -0.0692  -0.2282    0.341
    12   2.3081   1.3077   0.4383   1.0178   0.0517   0.9508   0.7817   0.0204   0.0000  -0.0670  -0.2306    0.336
    13   2.6452   1.2066   0.4076   0.9565   0.0491   0.9692   0.7968   0.0148   0.0000  -0.0658  -0.2327    0.333
    14   2.9824   1.1055   0.3705   0.8859   0.0449   0.9806   0.8062   0.0094   0.0000  -0.0651  -0.2340    0.331
    15   3.3142   1.0060   0.3292   0.8083   0.0397   0.9840   0.8090   0.0040   0.0000  -0.0647  -0.2341    0.330
    16   3.6354   0.9097   0.2857   0.7261   0.0341   0.9783   0.8043  -0.0009   0.0000  -0.0644  -0.2326    0.330
    17   3.9410   0.8180   0.2422   0.6417   0.0283   0.9622   0.7911  -0.0057   0.0000  -0.0640  -0.2293    0.331
    18   4.2262   0.7325   0.2002   0.5575   0.0227   0.9341   0.7680  -0.0100   0.0000  -0.0634  -0.2236    0.333
    19   4.4865   0.6544   0.1612   0.4753   0.0178   0.8921   0.7335  -0.0136   0.0000  -0.0625  -0.2151    0.335
    20   4.7177   0.5851   0.1260   0.3968   0.0142   0.8336   0.6853  -0.0163   0.0000  -0.0608  -0.2030    0.339
    21   4.9163   0.5256   0.0951   0.3226   0.0131   0.7549   0.6207  -0.0178   0.0000  -0.0576  -0.1861    0.343
    22   5.0790   0.4768   0.0686   0.2520   0.0155   0.6504   0.5347  -0.0177   0.0000  -0.0518  -0.1621    0.347
    23   5.2034   0.4395   0.0459   0.1828   0.0220   0.5121   0.4210  -0.0154   0.0000  -0.0419  -0.1286    0.350
    24   5.2874   0.4143   0.0262   0.1123   0.0323   0.3336   0.2743  -0.0107   0.0000  -0.0279  -0.0843    0.352
    25   5.3297   0.4016   0.0085   0.0382   0.0423   0.1171   0.0963  -0.0046   0.0000  -0.0102  -0.0299    0.356

  Surface # 2     main_wing (YDUP)                        
     # Chordwise = 10   # Spanwise = 25     First strip = 26
     Surface area =    7.861920       Ave. chord =    1.473425
     CLsurf  =   0.30424     Clsurf  =   0.05681
     CYsurf  =   0.00829     Cmsurf  =  -0.34323
     CDsurf  =   0.00891     Cnsurf  =   0.00417
     CDisurf =   0.00891     CDvsurf =   0.00000

  Forces referred to Ssurf, Cave about hinge axis thru LE
     CLsurf  =   0.60827     CDsurf  =   0.01780
     Deflect =

 Strip Forces referred to Strip Area, Chord
    j      Yle    Chord     Area     c cl      ai      cl_norm  cl       cd       cdv    cm_c/4    cm_LE  C.P.x/c
    26  -0.0062   3.3979   0.0842   1.4170   0.1055   0.4204   0.4121   0.0656   0.0000  -0.0590   0.1594    0.393
    27  -0.0556   3.3815   0.2500   1.3913   0.1048   0.4199   0.4116   0.0238   0.0000  -0.0581   0.1572    0.391
    28  -0.1538   3.3487   0.4083   1.3878   0.1050   0.4232   0.4149   0.0218   0.0000  -0.0577   0.1575    0.389
    29  -0.2990   3.3003   0.5545   1.3820   0.1068   0.4277   0.4192   0.0219   0.0000  -0.0567   0.1576    0.385
    30  -0.4891   3.2370   0.6844   1.3680   0.1118   0.4316   0.4231   0.0219   0.0000  -0.0545   0.1564    0.379
    31  -0.6904   3.0342   0.5705   1.3352   0.0992   0.4476   0.4405   0.0229   0.0000  -0.0535   0.1417    0.371
    32  -0.8923   2.6641   0.5728   1.2852   0.0794   0.4907   0.4830   0.0247   0.0000  -0.0550   0.1522    0.364
    33  -1.1195   2.2475   0.5363   1.2246   0.0607   0.5543   0.5456   0.0272   0.0000  -0.0582   0.1685    0.357
    34  -1.3685   1.7910   0.4629   1.1550   0.0306   0.6561   0.6457   0.0323   0.0000  -0.0662   0.1971    0.353
    35  -1.6551   1.5035   0.4723   1.1052   0.0369   0.8959   0.7365   0.0331   0.0000  -0.0734   0.2266    0.350
    36  -1.9763   1.4072   0.4605   1.0679   0.0505   0.9261   0.7614   0.0264   0.0000  -0.0692   0.2282    0.341
    37  -2.3081   1.3077   0.4383   1.0178   0.0517   0.9508   0.7817   0.0204   0.0000  -0.0670   0.2306    0.336
    38  -2.6452   1.2066   0.4076   0.9565   0.0491   0.9692   0.7968   0.0148   0.0000  -0.0658   0.2327    0.333
    39  -2.9824   1.1055   0.3705   0.8858   0.0449   0.9806   0.8062   0.0093   0.0000  -0.0651   0.2340    0.331
    40  -3.3142   1.0060   0.3292   0.8083   0.0397   0.9840   0.8090   0.0040   0.0000  -0.0647   0.2341    0.330
    41  -3.6354   0.9097   0.2857   0.7261   0.0341   0.9783   0.8043  -0.0010   0.0000  -0.0644   0.2326    0.330
    42  -3.9410   0.8180   0.2422   0.6417   0.0283   0.9622   0.7911  -0.0057   0.0000  -0.0640   0.2293    0.331
    43  -4.2262   0.7325   0.2002   0.5575   0.0227   0.9341   0.7680  -0.0100   0.0000  -0.0634   0.2236    0.333
    44  -4.4865   0.6544   0.1612   0.4753   0.0178   0.8921   0.7335  -0.0136   0.0000  -0.0625   0.2151    0.335
    45  -4.7177   0.5851   0.1260   0.3968   0.0142   0.8336   0.6853  -0.0163   0.0000  -0.0608   0.2030    0.339
    46  -4.9163   0.5256   0.0951   0.3226   0.0131   0.7549   0.6207  -0.0178   0.0000  -0.0576   0.1861    0.343
    47  -5.0790   0.4768   0.0686   0.2520   0.0155   0.6504   0.5347  -0.0177   0.0000  -0.0518   0.1621    0.347
    48  -5.2034   0.4395   0.0459   0.1828   0.0220   0.5121   0.4210  -0.0154   0.0000  -0.0419   0.1286    0.350
    49  -5.2874   0.4143   0.0262   0.1123   0.0323   0.3336   0.2743  -0.0107   0.0000  -0.0279   0.0843    0.352
    50  -5.3297   0.4016   0.0085   0.0382   0.0423   0.1171   0.0963  -0.0046   0.0000  -0.0102   0.0299    0.356

  Surface # 3     vertical_stabilizer                     
     # Chordwise = 10   # Spanwise = 25     First strip = 51
     Surface area =    0.624999       Ave. chord =    1.249999
     CLsurf  =   0.00000     Clsurf  =   0.00000
     CYsurf  =   0.00000     Cmsurf  =  -0.00000
     CDsurf  =  -0.00000     Cnsurf  =  -0.00000
     CDisurf =  -0.00000     CDvsurf =   0.00000

  Forces referred to Ssurf, Cave about hinge axis thru LE
     CLsurf  =  -0.00000     CDsurf  =  -0.00000
     Deflect =

 Strip Forces referred to Strip Area, Chord
    j      Yle    Chord     Area     c cl      ai      cl_norm  cl       cd       cdv    cm_c/4    cm_LE  C.P.x/c
    51   0.0000   1.4980   0.0074  -0.0000   0.0000  -0.0000  -0.0000  -0.0000   0.0000   0.0000   0.0000    0.379
    52   0.0000   1.4913   0.0126  -0.0000   0.0000  -0.0000  -0.0000  -0.0000   0.0000   0.0000   0.0000    0.397
    53   0.0000   1.4812   0.0175  -0.0000   0.0000  -0.0000  -0.0000   0.0000   0.0000   0.0000   0.0000    0.348
    54   0.0000   1.4677   0.0222  -0.0000  -0.0000  -0.0000  -0.0000  -0.0000   0.0000  -0.0000   0.0000    0.241
    55   0.0000   1.4510   0.0263  -0.0000   0.0000  -0.0000  -0.0000  -0.0000   0.0000  -0.0000   0.0000    0.218
    56   0.0000   1.4314   0.0300  -0.0000   0.0000  -0.0000  -0.0000  -0.0000   0.0000  -0.0000   0.0000    0.212
    57   0.0000   1.4092   0.0331  -0.0000  -0.0000  -0.0000  -0.0000  -0.0000   0.0000  -0.0000   0.0000    0.170
    58   0.0000   1.3846   0.0355  -0.0000   0.0000  -0.0000  -0.0000   0.0000   0.0000  -0.0000   0.0000    0.119
    59   0.0000   1.3579   0.0373  -0.0000   0.0000  -0.0000  -0.0000   0.0000   0.0000  -0.0000   0.0000    0.172
    60   0.0000   1.3297   0.0384  -0.0000   0.0000  -0.0000  -0.0000  -0.0000   0.0000  -0.0000   0.0000    0.066
    61   0.0000   1.3003   0.0388  -0.0000   0.0000  -0.0000  -0.0000  -0.0000   0.0000  -0.0000   0.0000    0.117
    62   0.0000   1.2701   0.0386  -0.0000   0.0000  -0.0000  -0.0000  -0.0000   0.0000  -0.0000   0.0000    0.213
    63   0.0000   1.2396   0.0378  -0.0000   0.0000  -0.0000  -0.0000  -0.0000   0.0000  -0.0000   0.0000    0.031
    64   0.0000   1.2093   0.0364  -0.0000   0.0000  -0.0000  -0.0000  -0.0000   0.0000  -0.0000   0.0000    0.196
    65   0.0000   1.1795   0.0346  -0.0000   0.0000  -0.0000  -0.0000  -0.0000   0.0000  -0.0000   0.0000    0.221
    66   0.0000   1.1508   0.0323  -0.0000   0.0000  -0.0000  -0.0000  -0.0000   0.0000  -0.0000   0.0000   -0.040
    67   0.0000   1.1236   0.0296  -0.0000   0.0000  -0.0000  -0.0000  -0.0000   0.0000  -0.0000   0.0000    0.158
    68   0.0000   1.0982   0.0267  -0.0000   0.0000  -0.0000  -0.0000   0.0000   0.0000  -0.0000   0.0000   -0.044
    69   0.0000   1.0751   0.0235  -0.0000   0.0000  -0.0000  -0.0000   0.0000   0.0000  -0.0000   0.0000    0.055
    70   0.0000   1.0546   0.0201  -0.0000   0.0000  -0.0000  -0.0000   0.0000   0.0000  -0.0000   0.0000    0.098
    71   0.0000   1.0370   0.0166  -0.0000  -0.0000  -0.0000  -0.0000  -0.0000   0.0000   0.0000   0.0000    0.309
    72   0.0000   1.0226   0.0130  -0.0000   0.0000  -0.0000  -0.0000  -0.0000   0.0000  -0.0000   0.0000    0.245
    73   0.0000   1.0116   0.0093  -0.0000   0.0000  -0.0000  -0.0000  -0.0000   0.0000  -0.0000   0.0000    0.218
    74   0.0000   1.0042   0.0056  -0.0000   0.0000  -0.0000  -0.0000   0.0000   0.0000   0.0000   0.0000    0.254
    75   0.0000   1.0005   0.0019  -0.0000   0.0000  -0.0000  -0.0000   0.0000   0.0000  -0.0000   0.0000    0.236
 ---------------------------------------------------------------
