 ---------------------------------------------------------------
 Surface and Strip Forces by surface

  Forces referred to Sref, Cref, Bref about Xref, Yref, Zref
 Standard axis orientation,  X fwd, Z down         

  Surface # 1     main_wing                               
     # Chordwise = 10   # Spanwise = 25     First strip =  1
     Surface area =    7.861920       Ave. chord =    1.473425
     CLsurf  =   0.44614     Clsurf  =  -0.08428
     CYsurf  =  -0.01460     Cmsurf  =  -0.48976
     CDsurf  =   0.01900     Cnsurf  =  -0.00955
     CDisurf =   0.01900     CDvsurf =   0.00000

  Forces referred to Ssurf, Cave about hinge axis thru LE
     CLsurf  =   0.89206     CDsurf  =   0.03797
     Deflect =

 Strip Forces referred to Strip Area, Chord
    j      Yle    Chord     Area     c cl      ai      cl_norm  cl       cd       cdv    cm_c/4    cm_LE  C.P.x/c
     1   0.0062   3.3979   0.0842   2.0585   0.1508   0.5966   0.5848   0.1719   0.0000  -0.0628  -0.2094    0.357
     2   0.0556   3.3815   0.2500   1.9984   0.1501   0.6019   0.5900   0.0574   0.0000  -0.0616  -0.2046    0.354
     3   0.1538   3.3487   0.4083   1.9915   0.1501   0.6069   0.5949   0.0510   0.0000  -0.0609  -0.2048    0.352
     4   0.2990   3.3003   0.5545   1.9822   0.1517   0.6131   0.6010   0.0503   0.0000  -0.0595  -0.2048    0.349
     5   0.4891   3.2370   0.6844   1.9613   0.1565   0.6186   0.6064   0.0500   0.0000  -0.0569  -0.2036    0.344
     6   0.6904   3.0342   0.5705   1.9185   0.1403   0.6431   0.6330   0.0509   0.0000  -0.0565  -0.1861    0.339
     7   0.8923   2.6641   0.5728   1.8504   0.1151   0.7069   0.6958   0.0533   0.0000  -0.0584  -0.2013    0.334
     8   1.1195   2.2475   0.5363   1.7658   0.0891   0.8004   0.7878   0.0565   0.0000  -0.0629  -0.2250    0.330
     9   1.3685   1.7910   0.4629   1.6669   0.0464   0.9487   0.9338   0.0636   0.0000  -0.0744  -0.2665    0.330
    10   1.6551   1.5035   0.4723   1.5905   0.0510   1.2900   1.0632   0.0621   0.0000  -0.0836  -0.3071    0.329
    11   1.9763   1.4072   0.4605   1.5360   0.0688   1.3339   1.0995   0.0509   0.0000  -0.0778  -0.3095    0.321
    12   2.3081   1.3077   0.4383   1.4674   0.0713   1.3741   1.1326   0.0392   0.0000  -0.0743  -0.3132    0.316
    13   2.6452   1.2066   0.4076   1.3852   0.0690   1.4082   1.1607   0.0290   0.0000  -0.0723  -0.3171    0.312
    14   2.9824   1.1055   0.3705   1.2914   0.0646   1.4352   1.1829   0.0188   0.0000  -0.0710  -0.3205    0.310
    15   3.3142   1.0060   0.3292   1.1885   0.0591   1.4537   1.1981   0.0087   0.0000  -0.0702  -0.3227    0.309
    16   3.6354   0.9097   0.2857   1.0792   0.0531   1.4618   1.2049  -0.0011   0.0000  -0.0694  -0.3231    0.308
    17   3.9410   0.8180   0.2422   0.9664   0.0472   1.4577   1.2015  -0.0107   0.0000  -0.0685  -0.3212    0.307
    18   4.2262   0.7325   0.2002   0.8525   0.0421   1.4380   1.1853  -0.0194   0.0000  -0.0672  -0.3162    0.307
    19   4.4865   0.6544   0.1612   0.7399   0.0385   1.3987   1.1529  -0.0272   0.0000  -0.0650  -0.3069    0.306
    20   4.7177   0.5851   0.1260   0.6298   0.0376   1.3334   1.0990  -0.0336   0.0000  -0.0610  -0.2914    0.306
    21   4.9163   0.5256   0.0951   0.5220   0.0408   1.2317   1.0152  -0.0379   0.0000  -0.0540  -0.2669    0.303
    22   5.0790   0.4768   0.0686   0.4142   0.0485   1.0788   0.8891  -0.0389   0.0000  -0.0423  -0.2291    0.298
    23   5.2034   0.4395   0.0459   0.3033   0.0597   0.8577   0.7070  -0.0355   0.0000  -0.0265  -0.1757    0.288
    24   5.2874   0.4143   0.0262   0.1864   0.0727   0.5600   0.4616  -0.0263   0.0000  -0.0115  -0.1095    0.275
    25   5.3297   0.4016   0.0085   0.0632   0.0832   0.1965   0.1619  -0.0125   0.0000  -0.0027  -0.0371    0.267

  Surface # 2     main_wing (YDUP)                        
     # Chordwise = 10   # Spanwise = 25     First strip = 26
     Surface area =    7.861920       Ave. chord =    1.473425
     CLsurf  =   0.44614     Clsurf  =   0.08428
     CYsurf  =   0.01460     Cmsurf  =  -0.48976
     CDsurf  =   0.01899     Cnsurf  =   0.00955
     CDisurf =   0.01899     CDvsurf =   0.00000

  Forces referred to Ssurf, Cave about hinge axis thru LE
     CLsurf  =   0.89206     CDsurf  =   0.03796
     Deflect =

 Strip Forces referred to Strip Area, Chord
    j      Yle    Chord     Area     c cl      ai      cl_norm  cl       cd       cdv    cm_c/4    cm_LE  C.P.x/c
    26  -0.0062   3.3979   0.0842   2.0585   0.1508   0.5966   0.5848   0.1719   0.0000  -0.0628   0.2094    0.357
    27  -0.0556   3.3815   0.2500   1.9984   0.1501   0.6019   0.5900   0.0574   0.0000  -0.0616   0.2046    0.354
    28  -0.1538   3.3487   0.4083   1.9915   0.1501   0.6069   0.5949   0.0510   0.0000  -0.0609   0.2048    0.352
    29  -0.2990   3.3003   0.5545   1.9822   0.1517   0.6131   0.6010   0.0503   0.0000  -0.0595   0.2048    0.349
    30  -0.4891   3.2370   0.6844   1.9613   0.1565   0.6186   0.6064   0.0500   0.0000  -0.0569   0.2036    0.344
    31  -0.6904   3.0342   0.5705   1.9185   0.1403   0.6431   0.6330   0.0509   0.0000  -0.0565   0.1861    0.339
    32  -0.8923   2.6641   0.5728   1.8504   0.1151   0.7069   0.6958   0.0533   0.0000  -0.0584   0.2013    0.334
    33  -1.1195   2.2475   0.5363   1.7658   0.0891   0.8004   0.7878   0.0565   0.0000  -0.0629   0.2250    0.330
    34  -1.3685   1.7910   0.4629   1.6669   0.0464   0.9487   0.9338   0.0636   0.0000  -0.0744   0.2665    0.330
    35  -1.6551   1.5035   0.4723   1.5905   0.0510   1.2900   1.0632   0.0620   0.0000  -0.0836   0.3071    0.329
    36  -1.9763   1.4072   0.4605   1.5360   0.0688   1.3340   1.0995   0.0507   0.0000  -0.0778   0.3095    0.321
    37  -2.3081   1.3077   0.4383   1.4674   0.0713   1.3741   1.1326   0.0393   0.0000  -0.0743   0.3132    0.316
    38  -2.6452   1.2066   0.4076   1.3852   0.0690   1.4082   1.1607   0.0290   0.0000  -0.0723   0.3171    0.312
    39  -2.9824   1.1055   0.3705   1.2914   0.0646   1.4351   1.1828   0.0190   0.0000  -0.0710   0.3205    0.310
    40  -3.3142   1.0060   0.3292   1.1885   0.0591   1.4538   1.1982   0.0084   0.0000  -0.0702   0.3227    0.309
    41  -3.6354   0.9097   0.2857   1.0792   0.0531   1.4618   1.2049  -0.0012   0.0000  -0.0694   0.3231    0.308
    42  -3.9410   0.8180   0.2422   0.9664   0.0472   1.4577   1.2015  -0.0106   0.0000  -0.0685   0.3212    0.307
    43  -4.2262   0.7325   0.2002   0.8525   0.0421   1.4380   1.1852  -0.0193   0.0000  -0.0672   0.3162    0.307
    44  -4.4865   0.6544   0.1612   0.7399   0.0385   1.3987   1.1529  -0.0272   0.0000  -0.0650   0.3069    0.306
    45  -4.7177   0.5851   0.1260   0.6298   0.0376   1.3334   1.0990  -0.0336   0.0000  -0.0610   0.2914    0.306
    46  -4.9163   0.5256   0.0951   0.5220   0.0408   1.2317   1.0152  -0.0379   0.0000  -0.0540   0.2669    0.303
    47  -5.0790   0.4768   0.0686   0.4142   0.0485   1.0788   0.8891  -0.0389   0.0000  -0.0423   0.2291    0.298
    48  -5.2034   0.4395   0.0459   0.3033   0.0597   0.8577   0.7070  -0.0355   0.0000  -0.0265   0.1757    0.288
    49  -5.2874   0.4143   0.0262   0.1864   0.0727   0.5600   0.4616  -0.0263   0.0000  -0.0115   0.1095    0.275
    50  -5.3297   0.4016   0.0085   0.0632   0.0832   0.1965   0.1619  -0.0125   0.0000  -0.0027   0.0371    0.267

  Surface # 3     vertical_stabilizer                     
     # Chordwise = 10   # Spanwise = 25     First strip = 51
     Surface area =    0.624999       Ave. chord =    1.249999
     CLsurf  =   0.00000     Clsurf  =   0.00000
     CYsurf  =   0.00000     Cmsurf  =  -0.00000
     CDsurf  =  -0.00000     Cnsurf  =  -0.00000
     CDisurf =  -0.00000     CDvsurf =   0.00000

  Forces referred to Ssurf, Cave about hinge axis thru LE
     CLsurf  =  -0.00000     CDsurf  =  -0.00000
     Deflect =

 Strip Forces referred to Strip Area, Chord
    j      Yle    Chord     Area     c cl      ai      cl_norm  cl       cd       cdv    cm_c/4    cm_LE  C.P.x/c
    51   0.0000   1.4980   0.0074   0.0000   0.0000   0.0000   0.0000  -0.0000   0.0000  -0.0000  -0.0000
    52   0.0000   1.4913   0.0126  -0.0000   0.0000  -0.0000  -0.0000  -0.0000   0.0000  -0.0000  -0.0000
    53   0.0000   1.4812   0.0175   0.0000   0.0000   0.0000   0.0000  -0.0000   0.0000  -0.0000  -0.0000
    54   0.0000   1.4677   0.0222   0.0000  -0.0000   0.0000   0.0000  -0.0000   0.0000  -0.0000  -0.0000
    55   0.0000   1.4510   0.0263  -0.0000   0.0000  -0.0000  -0.0000  -0.0000   0.0000  -0.0000  -0.0000
    56   0.0000   1.4314   0.0300  -0.0000   0.0000  -0.0000  -0.0000  -0.0000   0.0000  -0.0000  -0.0000
    57   0.0000   1.4092   0.0331   0.0000  -0.0000   0.0000   0.0000   0.0000   0.0000  -0.0000  -0.0000
    58   0.0000   1.3846   0.0355   0.0000   0.0000   0.0000   0.0000   0.0000   0.0000  -0.0000  -0.0000
    59   0.0000   1.3579   0.0373  -0.0000   0.0000  -0.0000  -0.0000   0.0000   0.0000  -0.0000  -0.0000
    60   0.0000   1.3297   0.0384  -0.0000   0.0000  -0.0000  -0.0000  -0.0000   0.0000  -0.0000  -0.0000
    61   0.0000   1.3003   0.0388  -0.0000   0.0000  -0.0000  -0.0000  -0.0000   0.0000  -0.0000  -0.0000   -0.140
    62   0.0000   1.2701   0.0386  -0.0000  -0.0000  -0.0000  -0.0000  -0.0000   0.0000  -0.0000   0.0000   -0.034
    63   0.0000   1.2396   0.0378  -0.0000   0.0000  -0.0000  -0.0000  -0.0000   0.0000  -0.0000   0.0000    0.000
    64   0.0000   1.2093   0.0364  -0.0000   0.0000  -0.0000  -0.0000   0.0000   0.0000  -0.0000   0.0000    0.019
    65   0.0000   1.1795   0.0346  -0.0000   0.0000  -0.0000  -0.0000  -0.0000   0.0000   0.0000   0.0000    0.261
    66   0.0000   1.1508   0.0323  -0.0000   0.0000  -0.0000  -0.0000  -0.0000   0.0000  -0.0000   0.0000    0.077
    67   0.0000   1.1236   0.0296  -0.0000   0.0000  -0.0000  -0.0000  -0.0000   0.0000  -0.0000   0.0000    0.067
    68   0.0000   1.0982   0.0267  -0.0000   0.0000  -0.0000  -0.0000   0.0000   0.0000  -0.0000  -0.0000   -0.308
    69   0.0000   1.0751   0.0235  -0.0000   0.0000  -0.0000  -0.0000  -0.0000   0.0000  -0.0000   0.0000    0.095
    70   0.0000   1.0546   0.0201  -0.0000   0.0000  -0.0000  -0.0000  -0.0000   0.0000  -0.0000   0.0000    0.137
    71   0.0000   1.0370   0.0166  -0.0000  -0.0000  -0.0000  -0.0000   0.0000   0.0000  -0.0000  -0.0000   -0.361
    72   0.0000   1.0226   0.0130  -0.0000   0.0000  -0.0000  -0.0000   0.0000   0.0000  -0.0000  -0.0000
    73   0.0000   1.0116   0.0093  -0.0000   0.0000  -0.0000  -0.0000   0.0000   0.0000  -0.0000  -0.0000
    74   0.0000   1.0042   0.0056  -0.0000  -0.0000  -0.0000  -0.0000  -0.0000   0.0000  -0.0000  -0.0000   -0.620
    75   0.0000   1.0005   0.0019  -0.0000   0.0000  -0.0000  -0.0000  -0.0000   0.0000  -0.0000  -0.0000
 ---------------------------------------------------------------
