 ---------------------------------------------------------------
 Surface and Strip Forces by surface

  Forces referred to Sref, Cref, Bref about Xref, Yref, Zref
 Standard axis orientation,  X fwd, Z down         

  Surface # 1     main_wing                               
     # Chordwise = 10   # Spanwise = 25     First strip =  1
     Surface area =    7.861920       Ave. chord =    1.473425
     CLsurf  =   0.11265     Clsurf  =  -0.02003
     CYsurf  =  -0.00215     Cmsurf  =  -0.15042
     CDsurf  =   0.00132     Cnsurf  =  -0.00011
     CDisurf =   0.00132     CDvsurf =   0.00000

  Forces referred to Ssurf, Cave about hinge axis thru LE
     CLsurf  =   0.22519     CDsurf  =   0.00264
     Deflect =

 Strip Forces referred to Strip Area, Chord
    j      Yle    Chord     Area     c cl      ai      cl_norm  cl       cd       cdv    cm_c/4    cm_LE  C.P.x/c
     1   0.0062   3.3979   0.0842   0.5400   0.0392   0.1620   0.1588   0.0068   0.0000  -0.0591  -0.0964    0.622
     2   0.0556   3.3815   0.2500   0.5337   0.0388   0.1610   0.1579   0.0012   0.0000  -0.0588  -0.0959    0.622
     3   0.1538   3.3487   0.4083   0.5328   0.0393   0.1624   0.1592   0.0010   0.0000  -0.0588  -0.0962    0.620
     4   0.2990   3.3003   0.5545   0.5316   0.0413   0.1644   0.1611   0.0012   0.0000  -0.0584  -0.0963    0.612
     5   0.4891   3.2370   0.6844   0.5276   0.0461   0.1663   0.1630   0.0013   0.0000  -0.0567  -0.0951    0.598
     6   0.6904   3.0342   0.5705   0.5116   0.0380   0.1713   0.1687   0.0017   0.0000  -0.0553  -0.0843    0.578
     7   0.8923   2.6641   0.5728   0.4892   0.0262   0.1866   0.1837   0.0026   0.0000  -0.0567  -0.0887    0.559
     8   1.1195   2.2475   0.5363   0.4656   0.0182   0.2104   0.2071   0.0040   0.0000  -0.0588  -0.0957    0.534
     9   1.3685   1.7910   0.4629   0.4420   0.0066   0.2506   0.2467   0.0068   0.0000  -0.0636  -0.1084    0.508
    10   1.6551   1.5035   0.4723   0.4353   0.0187   0.3526   0.2894   0.0088   0.0000  -0.0687  -0.1241    0.487
    11   1.9763   1.4072   0.4605   0.4281   0.0276   0.3706   0.3042   0.0072   0.0000  -0.0662  -0.1251    0.468
    12   2.3081   1.3077   0.4383   0.4093   0.0278   0.3813   0.3130   0.0055   0.0000  -0.0650  -0.1260    0.458
    13   2.6452   1.2066   0.4076   0.3813   0.0253   0.3850   0.3161   0.0038   0.0000  -0.0644  -0.1261    0.454
    14   2.9824   1.1055   0.3705   0.3461   0.0217   0.3815   0.3132   0.0024   0.0000  -0.0641  -0.1252    0.455
    15   3.3142   1.0060   0.3292   0.3058   0.0174   0.3705   0.3042   0.0009   0.0000  -0.0639  -0.1231    0.460
    16   3.6354   0.9097   0.2857   0.2623   0.0125   0.3516   0.2886  -0.0003   0.0000  -0.0638  -0.1196    0.471
    17   3.9410   0.8180   0.2422   0.2175   0.0070   0.3241   0.2661  -0.0014   0.0000  -0.0638  -0.1146    0.490
    18   4.2262   0.7325   0.2002   0.1730   0.0009   0.2880   0.2365  -0.0023   0.0000  -0.0638  -0.1081    0.520
    19   4.4865   0.6544   0.1612   0.1309  -0.0059   0.2439   0.2002  -0.0028   0.0000  -0.0639  -0.1002    0.569
    20   4.7177   0.5851   0.1260   0.0929  -0.0134   0.1937   0.1590  -0.0030   0.0000  -0.0643  -0.0915    0.654
    21   4.9163   0.5256   0.0951   0.0611  -0.0214   0.1418   0.1164  -0.0029   0.0000  -0.0649  -0.0826    0.807
    22   5.0790   0.4768   0.0686   0.0371  -0.0284   0.0949   0.0779  -0.0027   0.0000  -0.0652  -0.0744    1.087
    23   5.2034   0.4395   0.0459   0.0213  -0.0315   0.0592   0.0486  -0.0027   0.0000  -0.0624  -0.0655    1.535
    24   5.2874   0.4143   0.0262   0.0116  -0.0282   0.0344   0.0282  -0.0028   0.0000  -0.0498  -0.0500
    25   5.3297   0.4016   0.0085   0.0040  -0.0218   0.0121   0.0099  -0.0021   0.0000  -0.0204  -0.0201

  Surface # 2     main_wing (YDUP)                        
     # Chordwise = 10   # Spanwise = 25     First strip = 26
     Surface area =    7.861920       Ave. chord =    1.473425
     CLsurf  =   0.11265     Clsurf  =   0.02003
     CYsurf  =   0.00215     Cmsurf  =  -0.15042
     CDsurf  =   0.00132     Cnsurf  =   0.00011
     CDisurf =   0.00132     CDvsurf =   0.00000

  Forces referred to Ssurf, Cave about hinge axis thru LE
     CLsurf  =   0.22519     CDsurf  =   0.00264
     Deflect =

 Strip Forces referred to Strip Area, Chord
    j      Yle    Chord     Area     c cl      ai      cl_norm  cl       cd       cdv    cm_c/4    cm_LE  C.P.x/c
    26  -0.0062   3.3979   0.0842   0.5400   0.0392   0.1620   0.1588   0.0068   0.0000  -0.0591   0.0964    0.622
    27  -0.0556   3.3815   0.2500   0.5337   0.0388   0.1610   0.1579   0.0012   0.0000  -0.0588   0.0959    0.622
    28  -0.1538   3.3487   0.4083   0.5328   0.0393   0.1624   0.1592   0.0010   0.0000  -0.0588   0.0962    0.620
    29  -0.2990   3.3003   0.5545   0.5316   0.0413   0.1644   0.1611   0.0012   0.0000  -0.0584   0.0963    0.612
    30  -0.4891   3.2370   0.6844   0.5276   0.0461   0.1663   0.1630   0.0013   0.0000  -0.0567   0.0951    0.598
    31  -0.6904   3.0342   0.5705   0.5116   0.0380   0.1713   0.1687   0.0017   0.0000  -0.0553   0.0843    0.578
    32  -0.8923   2.6641   0.5728   0.4892   0.0262   0.1866   0.1837   0.0026   0.0000  -0.0567   0.0887    0.559
    33  -1.1195   2.2475   0.5363   0.4656   0.0182   0.2104   0.2071   0.0040   0.0000  -0.0588   0.0957    0.534
    34  -1.3685   1.7910   0.4629   0.4420   0.0066   0.2506   0.2467   0.0068   0.0000  -0.0636   0.1084    0.508
    35  -1.6551   1.5035   0.4723   0.4353   0.0187   0.3526   0.2894   0.0088   0.0000  -0.0687   0.1241    0.487
    36  -1.9763   1.4072   0.4605   0.4281   0.0276   0.3706   0.3042   0.0071   0.0000  -0.0662   0.1251    0.468
    37  -2.3081   1.3077   0.4383   0.4093   0.0278   0.3813   0.3130   0.0055   0.0000  -0.0650   0.1260    0.458
    38  -2.6452   1.2066   0.4076   0.3813   0.0253   0.3850   0.3161   0.0038   0.0000  -0.0644   0.1261    0.454
    39  -2.9824   1.1055   0.3705   0.3461   0.0217   0.3815   0.3132   0.0023   0.0000  -0.0641   0.1252    0.455
    40  -3.3142   1.0060   0.3292   0.3058   0.0174   0.3705   0.3042   0.0010   0.0000  -0.0639   0.1231    0.460
    41  -3.6354   0.9097   0.2857   0.2623   0.0125   0.3516   0.2886  -0.0003   0.0000  -0.0638   0.1196    0.471
    42  -3.9410   0.8180   0.2422   0.2175   0.0070   0.3241   0.2661  -0.0014   0.0000  -0.0638   0.1146    0.490
    43  -4.2262   0.7325   0.2002   0.1730   0.0009   0.2880   0.2364  -0.0023   0.0000  -0.0638   0.1081    0.520
    44  -4.4865   0.6544   0.1612   0.1309  -0.0059   0.2439   0.2002  -0.0028   0.0000  -0.0639   0.1002    0.569
    45  -4.7177   0.5851   0.1260   0.0929  -0.0134   0.1937   0.1590  -0.0030   0.0000  -0.0643   0.0915    0.654
    46  -4.9163   0.5256   0.0951   0.0611  -0.0214   0.1418   0.1164  -0.0029   0.0000  -0.0649   0.0826    0.807
    47  -5.0790   0.4768   0.0686   0.0371  -0.0284   0.0949   0.0779  -0.0027   0.0000  -0.0652   0.0744    1.087
    48  -5.2034   0.4395   0.0459   0.0213  -0.0315   0.0592   0.0486  -0.0027   0.0000  -0.0624   0.0655    1.535
    49  -5.2874   0.4143   0.0262   0.0116  -0.0282   0.0344   0.0282  -0.0028   0.0000  -0.0498   0.0500
    50  -5.3297   0.4016   0.0085   0.0040  -0.0218   0.0121   0.0099  -0.0021   0.0000  -0.0204   0.0201

  Surface # 3     vertical_stabilizer                     
     # Chordwise = 10   # Spanwise = 25     First strip = 51
     Surface area =    0.624999       Ave. chord =    1.249999
     CLsurf  =   0.00000     Clsurf  =  -0.00000
     CYsurf  =  -0.00000     Cmsurf  =  -0.00000
     CDsurf  =  -0.00000     Cnsurf  =   0.00000
     CDisurf =  -0.00000     CDvsurf =   0.00000

  Forces referred to Ssurf, Cave about hinge axis thru LE
     CLsurf  =   0.00000     CDsurf  =  -0.00000
     Deflect =

 Strip Forces referred to Strip Area, Chord
    j      Yle    Chord     Area     c cl      ai      cl_norm  cl       cd       cdv    cm_c/4    cm_LE  C.P.x/c
    51   0.0000   1.4980   0.0074   0.0000  -0.0000   0.0000   0.0000  -0.0000   0.0000  -0.0000  -0.0000    0.348
    52   0.0000   1.4913   0.0126   0.0000  -0.0000   0.0000   0.0000   0.0000   0.0000  -0.0000  -0.0000    0.337
    53   0.0000   1.4812   0.0175   0.0000  -0.0000   0.0000   0.0000  -0.0000   0.0000  -0.0000  -0.0000    0.316
    54   0.0000   1.4677   0.0222   0.0000  -0.0000   0.0000   0.0000  -0.0000   0.0000  -0.0000  -0.0000    0.320
    55   0.0000   1.4510   0.0263   0.0000  -0.0000   0.0000   0.0000   0.0000   0.0000  -0.0000  -0.0000    0.347
    56   0.0000   1.4314   0.0300   0.0000   0.0000   0.0000   0.0000   0.0000   0.0000  -0.0000  -0.0000    0.346
    57   0.0000   1.4092   0.0331   0.0000  -0.0000   0.0000   0.0000  -0.0000   0.0000  -0.0000  -0.0000    0.364
    58   0.0000   1.3846   0.0355   0.0000  -0.0000   0.0000   0.0000   0.0000   0.0000  -0.0000  -0.0000    0.376
    59   0.0000   1.3579   0.0373   0.0000   0.0000   0.0000   0.0000  -0.0000   0.0000  -0.0000  -0.0000    0.393
    60   0.0000   1.3297   0.0384   0.0000  -0.0000   0.0000   0.0000  -0.0000   0.0000  -0.0000  -0.0000    0.360
    61   0.0000   1.3003   0.0388   0.0000   0.0000   0.0000   0.0000   0.0000   0.0000  -0.0000  -0.0000    0.349
    62   0.0000   1.2701   0.0386   0.0000  -0.0000   0.0000   0.0000  -0.0000   0.0000   0.0000  -0.0000    0.217
    63   0.0000   1.2396   0.0378   0.0000   0.0000   0.0000   0.0000  -0.0000   0.0000  -0.0000  -0.0000    0.308
    64   0.0000   1.2093   0.0364   0.0000  -0.0000   0.0000   0.0000   0.0000   0.0000  -0.0000  -0.0000    0.252
    65   0.0000   1.1795   0.0346   0.0000   0.0000   0.0000   0.0000  -0.0000   0.0000   0.0000  -0.0000    0.207
    66   0.0000   1.1508   0.0323   0.0000   0.0000   0.0000   0.0000  -0.0000   0.0000  -0.0000  -0.0000    0.278
    67   0.0000   1.1236   0.0296   0.0000   0.0000   0.0000   0.0000   0.0000   0.0000   0.0000  -0.0000    0.229
    68   0.0000   1.0982   0.0267   0.0000   0.0000   0.0000   0.0000  -0.0000   0.0000   0.0000  -0.0000    0.174
    69   0.0000   1.0751   0.0235   0.0000   0.0000   0.0000   0.0000   0.0000   0.0000   0.0000  -0.0000    0.171
    70   0.0000   1.0546   0.0201   0.0000   0.0000   0.0000   0.0000  -0.0000   0.0000   0.0000  -0.0000    0.154
    71   0.0000   1.0370   0.0166   0.0000   0.0000   0.0000   0.0000  -0.0000   0.0000  -0.0000  -0.0000    0.284
    72   0.0000   1.0226   0.0130   0.0000   0.0000   0.0000   0.0000  -0.0000   0.0000  -0.0000  -0.0000    0.275
    73   0.0000   1.0116   0.0093   0.0000   0.0000   0.0000   0.0000  -0.0000   0.0000  -0.0000  -0.0000    0.274
    74   0.0000   1.0042   0.0056   0.0000  -0.0000   0.0000   0.0000  -0.0000   0.0000  -0.0000  -0.0000    0.292
    75   0.0000   1.0005   0.0019   0.0000   0.0000   0.0000   0.0000  -0.0000   0.0000   0.0000  -0.0000    0.240
 ---------------------------------------------------------------
