 ---------------------------------------------------------------
 Surface and Strip Forces by surface

  Forces referred to Sref, Cref, Bref about Xref, Yref, Zref
 Standard axis orientation,  X fwd, Z down         

  Surface # 1     main_wing                               
     # Chordwise = 10   # Spanwise = 25     First strip =  1
     Surface area =    7.861920       Ave. chord =    1.473425
     CLsurf  =   0.03714     Clsurf  =  -0.00548
     CYsurf  =  -0.00066     Cmsurf  =  -0.07360
     CDsurf  =   0.00028     Cnsurf  =   0.00020
     CDisurf =   0.00028     CDvsurf =   0.00000

  Forces referred to Ssurf, Cave about hinge axis thru LE
     CLsurf  =   0.07424     CDsurf  =   0.00056
     Deflect =

 Strip Forces referred to Strip Area, Chord
    j      Yle    Chord     Area     c cl      ai      cl_norm  cl       cd       cdv    cm_c/4    cm_LE  C.P.x/c
     1   0.0062   3.3979   0.0842   0.1964   0.0125   0.0589   0.0578   0.0076   0.0000  -0.0580  -0.0707    1.253
     2   0.0556   3.3815   0.2500   0.1915   0.0123   0.0578   0.0566   0.0002   0.0000  -0.0581  -0.0705    1.275
     3   0.1538   3.3487   0.4083   0.1914   0.0129   0.0583   0.0572  -0.0003   0.0000  -0.0583  -0.0708    1.270
     4   0.2990   3.3003   0.5545   0.1919   0.0150   0.0593   0.0581  -0.0004   0.0000  -0.0581  -0.0708    1.249
     5   0.4891   3.2370   0.6844   0.1919   0.0197   0.0605   0.0593  -0.0004   0.0000  -0.0566  -0.0697    1.205
     6   0.6904   3.0342   0.5705   0.1838   0.0135   0.0615   0.0606  -0.0004   0.0000  -0.0553  -0.0609    1.162
     7   0.8923   2.6641   0.5728   0.1729   0.0051   0.0659   0.0649  -0.0003   0.0000  -0.0566  -0.0629    1.122
     8   1.1195   2.2475   0.5363   0.1644   0.0015   0.0743   0.0732   0.0002   0.0000  -0.0583  -0.0662    1.047
     9   1.3685   1.7910   0.4629   0.1597  -0.0025   0.0906   0.0892   0.0015   0.0000  -0.0617  -0.0727    0.942
    10   1.6551   1.5035   0.4723   0.1694   0.0118   0.1372   0.1127   0.0028   0.0000  -0.0655  -0.0823    0.831
    11   1.9763   1.4072   0.4605   0.1742   0.0187   0.1508   0.1238   0.0023   0.0000  -0.0637  -0.0832    0.764
    12   2.3081   1.3077   0.4383   0.1679   0.0184   0.1564   0.1284   0.0018   0.0000  -0.0629  -0.0835    0.740
    13   2.6452   1.2066   0.4076   0.1532   0.0160   0.1546   0.1270   0.0012   0.0000  -0.0625  -0.0829    0.742
    14   2.9824   1.1055   0.3705   0.1323   0.0127   0.1458   0.1197   0.0007   0.0000  -0.0623  -0.0811    0.771
    15   3.3142   1.0060   0.3292   0.1071   0.0087   0.1297   0.1065   0.0003   0.0000  -0.0623  -0.0782    0.835
    16   3.6354   0.9097   0.2857   0.0793   0.0041   0.1061   0.0871  -0.0001   0.0000  -0.0623  -0.0739    0.965
    17   3.9410   0.8180   0.2422   0.0503  -0.0011   0.0749   0.0615  -0.0003   0.0000  -0.0624  -0.0684    1.264
    18   4.2262   0.7325   0.2002   0.0219  -0.0073   0.0365   0.0300  -0.0003   0.0000  -0.0626  -0.0616
    19   4.4865   0.6544   0.1612  -0.0042  -0.0147  -0.0077  -0.0064  -0.0001   0.0000  -0.0631  -0.0541
    20   4.7177   0.5851   0.1260  -0.0260  -0.0238  -0.0541  -0.0444   0.0003   0.0000  -0.0641  -0.0466
    21   4.9163   0.5256   0.0951  -0.0412  -0.0344  -0.0954  -0.0783   0.0007   0.0000  -0.0661  -0.0409   -0.593
    22   5.0790   0.4768   0.0686  -0.0471  -0.0452  -0.1202  -0.0987   0.0007   0.0000  -0.0686  -0.0387   -0.445
    23   5.2034   0.4395   0.0459  -0.0421  -0.0524  -0.1166  -0.0957  -0.0003   0.0000  -0.0687  -0.0394   -0.468
    24   5.2874   0.4143   0.0262  -0.0279  -0.0522  -0.0820  -0.0674  -0.0020   0.0000  -0.0572  -0.0355   -0.599
    25   5.3297   0.4016   0.0085  -0.0095  -0.0472  -0.0288  -0.0236  -0.0026   0.0000  -0.0240  -0.0159   -0.764

  Surface # 2     main_wing (YDUP)                        
     # Chordwise = 10   # Spanwise = 25     First strip = 26
     Surface area =    7.861920       Ave. chord =    1.473425
     CLsurf  =   0.03714     Clsurf  =   0.00548
     CYsurf  =   0.00066     Cmsurf  =  -0.07360
     CDsurf  =   0.00028     Cnsurf  =  -0.00020
     CDisurf =   0.00028     CDvsurf =   0.00000

  Forces referred to Ssurf, Cave about hinge axis thru LE
     CLsurf  =   0.07424     CDsurf  =   0.00056
     Deflect =

 Strip Forces referred to Strip Area, Chord
    j      Yle    Chord     Area     c cl      ai      cl_norm  cl       cd       cdv    cm_c/4    cm_LE  C.P.x/c
    26  -0.0062   3.3979   0.0842   0.1964   0.0125   0.0589   0.0578   0.0076   0.0000  -0.0580   0.0707    1.253
    27  -0.0556   3.3815   0.2500   0.1915   0.0123   0.0578   0.0566   0.0002   0.0000  -0.0581   0.0705    1.275
    28  -0.1538   3.3487   0.4083   0.1914   0.0129   0.0583   0.0572  -0.0003   0.0000  -0.0583   0.0708    1.270
    29  -0.2990   3.3003   0.5545   0.1919   0.0150   0.0593   0.0581  -0.0004   0.0000  -0.0581   0.0708    1.249
    30  -0.4891   3.2370   0.6844   0.1919   0.0197   0.0605   0.0593  -0.0004   0.0000  -0.0566   0.0697    1.205
    31  -0.6904   3.0342   0.5705   0.1838   0.0135   0.0615   0.0606  -0.0004   0.0000  -0.0553   0.0609    1.162
    32  -0.8923   2.6641   0.5728   0.1729   0.0051   0.0659   0.0649  -0.0003   0.0000  -0.0566   0.0629    1.122
    33  -1.1195   2.2475   0.5363   0.1644   0.0015   0.0743   0.0732   0.0002   0.0000  -0.0583   0.0662    1.047
    34  -1.3685   1.7910   0.4629   0.1597  -0.0025   0.0906   0.0892   0.0015   0.0000  -0.0617   0.0727    0.942
    35  -1.6551   1.5035   0.4723   0.1694   0.0118   0.1372   0.1127   0.0028   0.0000  -0.0655   0.0823    0.831
    36  -1.9763   1.4072   0.4605   0.1742   0.0187   0.1508   0.1238   0.0023   0.0000  -0.0637   0.0832    0.764
    37  -2.3081   1.3077   0.4383   0.1679   0.0184   0.1564   0.1284   0.0018   0.0000  -0.0629   0.0835    0.740
    38  -2.6452   1.2066   0.4076   0.1532   0.0160   0.1546   0.1270   0.0012   0.0000  -0.0625   0.0829    0.742
    39  -2.9824   1.1055   0.3705   0.1323   0.0127   0.1458   0.1197   0.0007   0.0000  -0.0623   0.0811    0.771
    40  -3.3142   1.0060   0.3292   0.1071   0.0087   0.1297   0.1065   0.0003   0.0000  -0.0623   0.0782    0.835
    41  -3.6354   0.9097   0.2857   0.0793   0.0041   0.1061   0.0871  -0.0001   0.0000  -0.0623   0.0739    0.965
    42  -3.9410   0.8180   0.2422   0.0503  -0.0011   0.0749   0.0615  -0.0004   0.0000  -0.0624   0.0684    1.264
    43  -4.2262   0.7325   0.2002   0.0219  -0.0073   0.0365   0.0300  -0.0003   0.0000  -0.0626   0.0616
    44  -4.4865   0.6544   0.1612  -0.0042  -0.0147  -0.0077  -0.0064  -0.0001   0.0000  -0.0631   0.0541
    45  -4.7177   0.5851   0.1260  -0.0260  -0.0238  -0.0541  -0.0444   0.0003   0.0000  -0.0641   0.0466
    46  -4.9163   0.5256   0.0951  -0.0412  -0.0344  -0.0954  -0.0783   0.0007   0.0000  -0.0661   0.0409   -0.593
    47  -5.0790   0.4768   0.0686  -0.0471  -0.0452  -0.1202  -0.0987   0.0007   0.0000  -0.0686   0.0387   -0.445
    48  -5.2034   0.4395   0.0459  -0.0421  -0.0524  -0.1166  -0.0957  -0.0003   0.0000  -0.0687   0.0394   -0.468
    49  -5.2874   0.4143   0.0262  -0.0279  -0.0522  -0.0820  -0.0674  -0.0020   0.0000  -0.0572   0.0355   -0.599
    50  -5.3297   0.4016   0.0085  -0.0095  -0.0472  -0.0288  -0.0236  -0.0026   0.0000  -0.0240   0.0159   -0.764

  Surface # 3     vertical_stabilizer                     
     # Chordwise = 10   # Spanwise = 25     First strip = 51
     Surface area =    0.624999       Ave. chord =    1.249999
     CLsurf  =   0.00000     Clsurf  =  -0.00000
     CYsurf  =  -0.00000     Cmsurf  =  -0.00000
     CDsurf  =  -0.00000     Cnsurf  =   0.00000
     CDisurf =  -0.00000     CDvsurf =   0.00000

  Forces referred to Ssurf, Cave about hinge axis thru LE
     CLsurf  =   0.00000     CDsurf  =  -0.00000
     Deflect =

 Strip Forces referred to Strip Area, Chord
    j      Yle    Chord     Area     c cl      ai      cl_norm  cl       cd       cdv    cm_c/4    cm_LE  C.P.x/c
    51   0.0000   1.4980   0.0074   0.0000   0.0000   0.0000   0.0000   0.0000   0.0000   0.0000   0.0000   -0.361
    52   0.0000   1.4913   0.0126   0.0000   0.0000   0.0000   0.0000  -0.0000   0.0000   0.0000   0.0000   -0.364
    53   0.0000   1.4812   0.0175   0.0000   0.0000   0.0000   0.0000   0.0000   0.0000   0.0000   0.0000   -0.315
    54   0.0000   1.4677   0.0222   0.0000   0.0000   0.0000   0.0000   0.0000   0.0000   0.0000   0.0000   -0.531
    55   0.0000   1.4510   0.0263   0.0000   0.0000   0.0000   0.0000   0.0000   0.0000   0.0000   0.0000   -0.794
    56   0.0000   1.4314   0.0300   0.0000   0.0000   0.0000   0.0000   0.0000   0.0000   0.0000   0.0000
    57   0.0000   1.4092   0.0331   0.0000   0.0000   0.0000   0.0000  -0.0000   0.0000   0.0000   0.0000   -0.354
    58   0.0000   1.3846   0.0355   0.0000   0.0000   0.0000   0.0000  -0.0000   0.0000   0.0000   0.0000   -0.157
    59   0.0000   1.3579   0.0373   0.0000   0.0000   0.0000   0.0000   0.0000   0.0000   0.0000   0.0000   -0.034
    60   0.0000   1.3297   0.0384   0.0000   0.0000   0.0000   0.0000  -0.0000   0.0000   0.0000   0.0000   -0.116
    61   0.0000   1.3003   0.0388   0.0000   0.0000   0.0000   0.0000  -0.0000   0.0000   0.0000   0.0000   -0.106
    62   0.0000   1.2701   0.0386   0.0000   0.0000   0.0000   0.0000  -0.0000   0.0000   0.0000   0.0000   -0.146
    63   0.0000   1.2396   0.0378   0.0000   0.0000   0.0000   0.0000  -0.0000   0.0000   0.0000   0.0000   -0.186
    64   0.0000   1.2093   0.0364   0.0000   0.0000   0.0000   0.0000  -0.0000   0.0000   0.0000   0.0000   -0.266
    65   0.0000   1.1795   0.0346   0.0000   0.0000   0.0000   0.0000   0.0000   0.0000   0.0000   0.0000   -0.213
    66   0.0000   1.1508   0.0323   0.0000   0.0000   0.0000   0.0000  -0.0000   0.0000   0.0000   0.0000   -0.461
    67   0.0000   1.1236   0.0296   0.0000   0.0000   0.0000   0.0000   0.0000   0.0000   0.0000   0.0000   -0.602
    68   0.0000   1.0982   0.0267   0.0000   0.0000   0.0000   0.0000   0.0000   0.0000   0.0000   0.0000   -0.725
    69   0.0000   1.0751   0.0235   0.0000   0.0000   0.0000   0.0000  -0.0000   0.0000   0.0000   0.0000   -0.507
    70   0.0000   1.0546   0.0201   0.0000   0.0000   0.0000   0.0000  -0.0000   0.0000   0.0000   0.0000   -0.289
    71   0.0000   1.0370   0.0166   0.0000   0.0000   0.0000   0.0000   0.0000   0.0000   0.0000   0.0000   -0.404
    72   0.0000   1.0226   0.0130   0.0000   0.0000   0.0000   0.0000  -0.0000   0.0000   0.0000   0.0000   -0.651
    73   0.0000   1.0116   0.0093   0.0000   0.0000   0.0000   0.0000  -0.0000   0.0000   0.0000   0.0000   -0.503
    74   0.0000   1.0042   0.0056   0.0000   0.0000   0.0000   0.0000  -0.0000   0.0000   0.0000   0.0000   -0.711
    75   0.0000   1.0005   0.0019   0.0000   0.0000   0.0000   0.0000  -0.0000   0.0000   0.0000   0.0000   -0.256
 ---------------------------------------------------------------
