 ---------------------------------------------------------------
 Surface and Strip Forces by surface

  Forces referred to Sref, Cref, Bref about Xref, Yref, Zref
 Standard axis orientation,  X fwd, Z down         

  Surface # 1     main_wing                               
     # Chordwise = 10   # Spanwise = 25     First strip =  1
     Surface area =    7.861920       Ave. chord =    1.473425
     CLsurf  =   0.03741     Clsurf  =  -0.00553
     CYsurf  =  -0.00067     Cmsurf  =  -0.07420
     CDsurf  =   0.00028     Cnsurf  =   0.00020
     CDisurf =   0.00028     CDvsurf =   0.00000

  Forces referred to Ssurf, Cave about hinge axis thru LE
     CLsurf  =   0.07478     CDsurf  =   0.00057
     Deflect =

 Strip Forces referred to Strip Area, Chord
    j      Yle    Chord     Area     c cl      ai      cl_norm  cl       cd       cdv    cm_c/4    cm_LE  C.P.x/c
     1   0.0062   3.3979   0.0842   0.1980   0.0127   0.0594   0.0583   0.0078   0.0000  -0.0584  -0.0712    1.252
     2   0.0556   3.3815   0.2500   0.1931   0.0125   0.0582   0.0571   0.0003   0.0000  -0.0585  -0.0710    1.274
     3   0.1538   3.3487   0.4083   0.1929   0.0131   0.0588   0.0576  -0.0003   0.0000  -0.0587  -0.0714    1.269
     4   0.2990   3.3003   0.5545   0.1934   0.0152   0.0598   0.0586  -0.0004   0.0000  -0.0585  -0.0714    1.248
     5   0.4891   3.2370   0.6844   0.1933   0.0199   0.0609   0.0597  -0.0004   0.0000  -0.0570  -0.0702    1.205
     6   0.6904   3.0342   0.5705   0.1851   0.0136   0.0620   0.0610  -0.0004   0.0000  -0.0557  -0.0613    1.163
     7   0.8923   2.6641   0.5728   0.1740   0.0052   0.0663   0.0653  -0.0003   0.0000  -0.0570  -0.0634    1.123
     8   1.1195   2.2475   0.5363   0.1653   0.0014   0.0747   0.0736   0.0002   0.0000  -0.0588  -0.0667    1.049
     9   1.3685   1.7910   0.4629   0.1605  -0.0027   0.0910   0.0896   0.0015   0.0000  -0.0623  -0.0732    0.945
    10   1.6551   1.5035   0.4723   0.1702   0.0117   0.1379   0.1132   0.0029   0.0000  -0.0661  -0.0830    0.834
    11   1.9763   1.4072   0.4605   0.1752   0.0187   0.1516   0.1245   0.0024   0.0000  -0.0642  -0.0839    0.766
    12   2.3081   1.3077   0.4383   0.1688   0.0185   0.1572   0.1291   0.0018   0.0000  -0.0634  -0.0842    0.741
    13   2.6452   1.2066   0.4076   0.1542   0.0161   0.1556   0.1278   0.0012   0.0000  -0.0630  -0.0835    0.743
    14   2.9824   1.1055   0.3705   0.1332   0.0128   0.1468   0.1205   0.0007   0.0000  -0.0629  -0.0818    0.772
    15   3.3142   1.0060   0.3292   0.1080   0.0088   0.1307   0.1073   0.0002   0.0000  -0.0628  -0.0788    0.835
    16   3.6354   0.9097   0.2857   0.0800   0.0042   0.1071   0.0879  -0.0001   0.0000  -0.0628  -0.0746    0.964
    17   3.9410   0.8180   0.2422   0.0509  -0.0011   0.0758   0.0622  -0.0003   0.0000  -0.0629  -0.0690    1.261
    18   4.2262   0.7325   0.2002   0.0224  -0.0073   0.0372   0.0306  -0.0004   0.0000  -0.0631  -0.0622
    19   4.4865   0.6544   0.1612  -0.0039  -0.0148  -0.0072  -0.0059  -0.0001   0.0000  -0.0636  -0.0547
    20   4.7177   0.5851   0.1260  -0.0258  -0.0238  -0.0537  -0.0441   0.0003   0.0000  -0.0647  -0.0472
    21   4.9163   0.5256   0.0951  -0.0410  -0.0345  -0.0951  -0.0781   0.0007   0.0000  -0.0667  -0.0415   -0.604
    22   5.0790   0.4768   0.0686  -0.0470  -0.0453  -0.1199  -0.0985   0.0007   0.0000  -0.0693  -0.0393   -0.453
    23   5.2034   0.4395   0.0459  -0.0420  -0.0524  -0.1163  -0.0955  -0.0003   0.0000  -0.0693  -0.0399   -0.475
    24   5.2874   0.4143   0.0262  -0.0278  -0.0521  -0.0819  -0.0672  -0.0021   0.0000  -0.0576  -0.0358   -0.607
    25   5.3297   0.4016   0.0085  -0.0095  -0.0472  -0.0287  -0.0236  -0.0027   0.0000  -0.0241  -0.0160   -0.771

  Surface # 2     main_wing (YDUP)                        
     # Chordwise = 10   # Spanwise = 25     First strip = 26
     Surface area =    7.861920       Ave. chord =    1.473425
     CLsurf  =   0.03741     Clsurf  =   0.00553
     CYsurf  =   0.00067     Cmsurf  =  -0.07420
     CDsurf  =   0.00028     Cnsurf  =  -0.00020
     CDisurf =   0.00028     CDvsurf =   0.00000

  Forces referred to Ssurf, Cave about hinge axis thru LE
     CLsurf  =   0.07478     CDsurf  =   0.00056
     Deflect =

 Strip Forces referred to Strip Area, Chord
    j      Yle    Chord     Area     c cl      ai      cl_norm  cl       cd       cdv    cm_c/4    cm_LE  C.P.x/c
    26  -0.0062   3.3979   0.0842   0.1980   0.0127   0.0594   0.0583   0.0078   0.0000  -0.0584   0.0712    1.252
    27  -0.0556   3.3815   0.2500   0.1931   0.0125   0.0582   0.0571   0.0003   0.0000  -0.0585   0.0710    1.274
    28  -0.1538   3.3487   0.4083   0.1929   0.0131   0.0588   0.0576  -0.0003   0.0000  -0.0587   0.0714    1.269
    29  -0.2990   3.3003   0.5545   0.1934   0.0152   0.0598   0.0586  -0.0004   0.0000  -0.0585   0.0714    1.248
    30  -0.4891   3.2370   0.6844   0.1933   0.0199   0.0609   0.0597  -0.0004   0.0000  -0.0570   0.0702    1.205
    31  -0.6904   3.0342   0.5705   0.1851   0.0136   0.0620   0.0610  -0.0004   0.0000  -0.0557   0.0613    1.163
    32  -0.8923   2.6641   0.5728   0.1740   0.0052   0.0663   0.0653  -0.0003   0.0000  -0.0570   0.0634    1.123
    33  -1.1195   2.2475   0.5363   0.1653   0.0014   0.0747   0.0736   0.0002   0.0000  -0.0588   0.0667    1.049
    34  -1.3685   1.7910   0.4629   0.1605  -0.0027   0.0910   0.0896   0.0015   0.0000  -0.0623   0.0732    0.945
    35  -1.6551   1.5035   0.4723   0.1703   0.0117   0.1379   0.1133   0.0029   0.0000  -0.0661   0.0830    0.833
    36  -1.9763   1.4072   0.4605   0.1752   0.0187   0.1516   0.1245   0.0024   0.0000  -0.0642   0.0839    0.766
    37  -2.3081   1.3077   0.4383   0.1688   0.0185   0.1572   0.1291   0.0018   0.0000  -0.0634   0.0842    0.741
    38  -2.6452   1.2066   0.4076   0.1542   0.0161   0.1556   0.1278   0.0012   0.0000  -0.0630   0.0835    0.743
    39  -2.9824   1.1055   0.3705   0.1332   0.0128   0.1468   0.1205   0.0007   0.0000  -0.0629   0.0818    0.772
    40  -3.3142   1.0060   0.3292   0.1080   0.0088   0.1307   0.1073   0.0002   0.0000  -0.0628   0.0788    0.835
    41  -3.6354   0.9097   0.2857   0.0800   0.0042   0.1071   0.0879  -0.0001   0.0000  -0.0628   0.0746    0.964
    42  -3.9410   0.8180   0.2422   0.0509  -0.0011   0.0758   0.0622  -0.0003   0.0000  -0.0629   0.0690    1.261
    43  -4.2262   0.7325   0.2002   0.0224  -0.0073   0.0372   0.0306  -0.0003   0.0000  -0.0631   0.0622
    44  -4.4865   0.6544   0.1612  -0.0039  -0.0148  -0.0072  -0.0059  -0.0001   0.0000  -0.0636   0.0547
    45  -4.7177   0.5851   0.1260  -0.0258  -0.0238  -0.0537  -0.0441   0.0003   0.0000  -0.0647   0.0472
    46  -4.9163   0.5256   0.0951  -0.0410  -0.0345  -0.0951  -0.0781   0.0007   0.0000  -0.0667   0.0415   -0.604
    47  -5.0790   0.4768   0.0686  -0.0470  -0.0453  -0.1199  -0.0985   0.0007   0.0000  -0.0693   0.0393   -0.453
    48  -5.2034   0.4395   0.0459  -0.0420  -0.0524  -0.1163  -0.0955  -0.0003   0.0000  -0.0693   0.0399   -0.475
    49  -5.2874   0.4143   0.0262  -0.0278  -0.0521  -0.0819  -0.0672  -0.0021   0.0000  -0.0576   0.0358   -0.607
    50  -5.3297   0.4016   0.0085  -0.0095  -0.0472  -0.0287  -0.0236  -0.0027   0.0000  -0.0241   0.0160   -0.771

  Surface # 3     vertical_stabilizer                     
     # Chordwise = 10   # Spanwise = 25     First strip = 51
     Surface area =    0.624999       Ave. chord =    1.249999
     CLsurf  =   0.00000     Clsurf  =  -0.00000
     CYsurf  =  -0.00000     Cmsurf  =  -0.00000
     CDsurf  =  -0.00000     Cnsurf  =   0.00000
     CDisurf =  -0.00000     CDvsurf =   0.00000

  Forces referred to Ssurf, Cave about hinge axis thru LE
     CLsurf  =   0.00000     CDsurf  =  -0.00000
     Deflect =

 Strip Forces referred to Strip Area, Chord
    j      Yle    Chord     Area     c cl      ai      cl_norm  cl       cd       cdv    cm_c/4    cm_LE  C.P.x/c
    51   0.0000   1.4980   0.0074   0.0000  -0.0000   0.0000   0.0000  -0.0000   0.0000   0.0000   0.0000   -0.008
    52   0.0000   1.4913   0.0126   0.0000   0.0000   0.0000   0.0000   0.0000   0.0000   0.0000  -0.0000    0.141
    53   0.0000   1.4812   0.0175   0.0000   0.0000   0.0000   0.0000   0.0000   0.0000   0.0000   0.0000   -0.614
    54   0.0000   1.4677   0.0222   0.0000  -0.0000   0.0000   0.0000  -0.0000   0.0000   0.0000   0.0000   -0.500
    55   0.0000   1.4510   0.0263   0.0000  -0.0000   0.0000   0.0000  -0.0000   0.0000   0.0000   0.0000   -0.494
    56   0.0000   1.4314   0.0300   0.0000  -0.0000   0.0000   0.0000  -0.0000   0.0000   0.0000   0.0000
    57   0.0000   1.4092   0.0331   0.0000  -0.0000   0.0000   0.0000  -0.0000   0.0000   0.0000   0.0000   -0.355
    58   0.0000   1.3846   0.0355   0.0000  -0.0000   0.0000   0.0000   0.0000   0.0000   0.0000   0.0000
    59   0.0000   1.3579   0.0373   0.0000   0.0000   0.0000   0.0000  -0.0000   0.0000   0.0000   0.0000   -0.746
    60   0.0000   1.3297   0.0384   0.0000  -0.0000   0.0000   0.0000   0.0000   0.0000   0.0000   0.0000
    61   0.0000   1.3003   0.0388   0.0000   0.0000   0.0000   0.0000   0.0000   0.0000   0.0000   0.0000
    62   0.0000   1.2701   0.0386  -0.0000  -0.0000  -0.0000  -0.0000  -0.0000   0.0000   0.0000   0.0000
    63   0.0000   1.2396   0.0378  -0.0000   0.0000  -0.0000  -0.0000  -0.0000   0.0000   0.0000   0.0000
    64   0.0000   1.2093   0.0364   0.0000   0.0000   0.0000   0.0000   0.0000   0.0000   0.0000   0.0000   -0.492
    65   0.0000   1.1795   0.0346   0.0000   0.0000   0.0000   0.0000   0.0000   0.0000   0.0000   0.0000   -0.086
    66   0.0000   1.1508   0.0323   0.0000  -0.0000   0.0000   0.0000  -0.0000   0.0000   0.0000   0.0000   -0.443
    67   0.0000   1.1236   0.0296   0.0000  -0.0000   0.0000   0.0000   0.0000   0.0000   0.0000   0.0000   -0.506
    68   0.0000   1.0982   0.0267   0.0000   0.0000   0.0000   0.0000  -0.0000   0.0000   0.0000   0.0000   -0.188
    69   0.0000   1.0751   0.0235   0.0000   0.0000   0.0000   0.0000   0.0000   0.0000   0.0000  -0.0000    0.048
    70   0.0000   1.0546   0.0201   0.0000   0.0000   0.0000   0.0000  -0.0000   0.0000  -0.0000  -0.0000    0.273
    71   0.0000   1.0370   0.0166   0.0000   0.0000   0.0000   0.0000  -0.0000   0.0000  -0.0000  -0.0000    0.521
    72   0.0000   1.0226   0.0130   0.0000   0.0000   0.0000   0.0000  -0.0000   0.0000   0.0000   0.0000
    73   0.0000   1.0116   0.0093   0.0000   0.0000   0.0000   0.0000  -0.0000   0.0000  -0.0000  -0.0000    0.507
    74   0.0000   1.0042   0.0056   0.0000   0.0000   0.0000   0.0000   0.0000   0.0000  -0.0000  -0.0000    0.441
    75   0.0000   1.0005   0.0019   0.0000   0.0000   0.0000   0.0000   0.0000   0.0000  -0.0000  -0.0000    0.339
 ---------------------------------------------------------------
