 ---------------------------------------------------------------
 Surface and Strip Forces by surface

  Forces referred to Sref, Cref, Bref about Xref, Yref, Zref
 Standard axis orientation,  X fwd, Z down         

  Surface # 1     main_wing                               
     # Chordwise = 10   # Spanwise = 25     First strip =  1
     Surface area =    7.861920       Ave. chord =    1.473425
     CLsurf  =  -0.03991     Clsurf  =   0.00960
     CYsurf  =   0.00028     Cmsurf  =  -0.00173
     CDsurf  =   0.00041     Cnsurf  =  -0.00025
     CDisurf =   0.00041     CDvsurf =   0.00000

  Forces referred to Ssurf, Cave about hinge axis thru LE
     CLsurf  =  -0.07976     CDsurf  =   0.00083
     Deflect =

 Strip Forces referred to Strip Area, Chord
    j      Yle    Chord     Area     c cl      ai      cl_norm  cl       cd       cdv    cm_c/4    cm_LE  C.P.x/c
     1   0.0062   3.3979   0.0842  -0.1326  -0.0107  -0.0387  -0.0379   0.0317   0.0000  -0.0656  -0.0545
     2   0.0556   3.3815   0.2500  -0.1430  -0.0107  -0.0430  -0.0421   0.0050   0.0000  -0.0662  -0.0543
     3   0.1538   3.3487   0.4083  -0.1432  -0.0100  -0.0435  -0.0427   0.0030   0.0000  -0.0667  -0.0547
     4   0.2990   3.3003   0.5545  -0.1417  -0.0079  -0.0437  -0.0429   0.0022   0.0000  -0.0667  -0.0546
     5   0.4891   3.2370   0.6844  -0.1392  -0.0036  -0.0438  -0.0430   0.0022   0.0000  -0.0652  -0.0532
     6   0.6904   3.0342   0.5705  -0.1421  -0.0096  -0.0476  -0.0468   0.0012   0.0000  -0.0638  -0.0451
     7   0.8923   2.6641   0.5728  -0.1453  -0.0164  -0.0554  -0.0546   0.0000   0.0000  -0.0656  -0.0449   -0.951
     8   1.1195   2.2475   0.5363  -0.1422  -0.0173  -0.0643  -0.0633  -0.0008   0.0000  -0.0676  -0.0448   -0.817
     9   1.3685   1.7910   0.4629  -0.1312  -0.0159  -0.0745  -0.0734  -0.0014   0.0000  -0.0711  -0.0457   -0.719
    10   1.6551   1.5035   0.4723  -0.1049   0.0026  -0.0850  -0.0698  -0.0013   0.0000  -0.0749  -0.0505   -0.822
    11   1.9763   1.4072   0.4605  -0.0861   0.0092  -0.0745  -0.0613  -0.0008   0.0000  -0.0735  -0.0512   -0.950
    12   2.3081   1.3077   0.4383  -0.0786   0.0092  -0.0732  -0.0602  -0.0008   0.0000  -0.0728  -0.0509   -0.960
    13   2.6452   1.2066   0.4076  -0.0792   0.0071  -0.0799  -0.0657  -0.0006   0.0000  -0.0725  -0.0493   -0.853
    14   2.9824   1.1055   0.3705  -0.0857   0.0041  -0.0944  -0.0776  -0.0005   0.0000  -0.0723  -0.0466   -0.682
    15   3.3142   1.0060   0.3292  -0.0963   0.0003  -0.1166  -0.0958  -0.0004   0.0000  -0.0722  -0.0425   -0.504
    16   3.6354   0.9097   0.2857  -0.1095  -0.0043  -0.1466  -0.1205  -0.0001   0.0000  -0.0723  -0.0372   -0.350
    17   3.9410   0.8180   0.2422  -0.1238  -0.0099  -0.1842  -0.1514   0.0002   0.0000  -0.0726  -0.0306   -0.229
    18   4.2262   0.7325   0.2002  -0.1374  -0.0169  -0.2283  -0.1877   0.0009   0.0000  -0.0732  -0.0232   -0.140
    19   4.4865   0.6544   0.1612  -0.1484  -0.0259  -0.2761  -0.2269   0.0017   0.0000  -0.0744  -0.0157   -0.078
    20   4.7177   0.5851   0.1260  -0.1544  -0.0372  -0.3211  -0.2639   0.0025   0.0000  -0.0770  -0.0098   -0.042
    21   4.9163   0.5256   0.0951  -0.1520  -0.0508  -0.3520  -0.2893   0.0028   0.0000  -0.0814  -0.0081   -0.031
    22   5.0790   0.4768   0.0686  -0.1377  -0.0646  -0.3515  -0.2888   0.0017   0.0000  -0.0871  -0.0132   -0.052
    23   5.2034   0.4395   0.0459  -0.1095  -0.0741  -0.3034  -0.2493  -0.0014   0.0000  -0.0889  -0.0235   -0.107
    24   5.2874   0.4143   0.0262  -0.0696  -0.0759  -0.2049  -0.1684  -0.0057   0.0000  -0.0740  -0.0282   -0.189
    25   5.3297   0.4016   0.0085  -0.0237  -0.0733  -0.0721  -0.0593  -0.0069   0.0000  -0.0306  -0.0140   -0.267

  Surface # 2     main_wing (YDUP)                        
     # Chordwise = 10   # Spanwise = 25     First strip = 26
     Surface area =    7.861920       Ave. chord =    1.473425
     CLsurf  =  -0.03991     Clsurf  =  -0.00960
     CYsurf  =  -0.00028     Cmsurf  =  -0.00173
     CDsurf  =   0.00041     Cnsurf  =   0.00025
     CDisurf =   0.00041     CDvsurf =   0.00000

  Forces referred to Ssurf, Cave about hinge axis thru LE
     CLsurf  =  -0.07976     CDsurf  =   0.00082
     Deflect =

 Strip Forces referred to Strip Area, Chord
    j      Yle    Chord     Area     c cl      ai      cl_norm  cl       cd       cdv    cm_c/4    cm_LE  C.P.x/c
    26  -0.0062   3.3979   0.0842  -0.1326  -0.0107  -0.0387  -0.0379   0.0317   0.0000  -0.0656   0.0545
    27  -0.0556   3.3815   0.2500  -0.1430  -0.0107  -0.0430  -0.0421   0.0050   0.0000  -0.0662   0.0543
    28  -0.1538   3.3487   0.4083  -0.1432  -0.0100  -0.0435  -0.0427   0.0030   0.0000  -0.0667   0.0547
    29  -0.2990   3.3003   0.5545  -0.1417  -0.0079  -0.0437  -0.0429   0.0022   0.0000  -0.0667   0.0546
    30  -0.4891   3.2370   0.6844  -0.1392  -0.0036  -0.0438  -0.0430   0.0022   0.0000  -0.0652   0.0532
    31  -0.6904   3.0342   0.5705  -0.1421  -0.0096  -0.0476  -0.0468   0.0012   0.0000  -0.0638   0.0451
    32  -0.8923   2.6641   0.5728  -0.1453  -0.0164  -0.0554  -0.0546   0.0000   0.0000  -0.0656   0.0449   -0.951
    33  -1.1195   2.2475   0.5363  -0.1422  -0.0173  -0.0643  -0.0633  -0.0008   0.0000  -0.0676   0.0448   -0.817
    34  -1.3685   1.7910   0.4629  -0.1312  -0.0159  -0.0745  -0.0734  -0.0014   0.0000  -0.0711   0.0457   -0.719
    35  -1.6551   1.5035   0.4723  -0.1049   0.0026  -0.0850  -0.0698  -0.0014   0.0000  -0.0749   0.0505   -0.822
    36  -1.9763   1.4072   0.4605  -0.0861   0.0092  -0.0745  -0.0613  -0.0008   0.0000  -0.0735   0.0512   -0.950
    37  -2.3081   1.3077   0.4383  -0.0786   0.0092  -0.0732  -0.0602  -0.0008   0.0000  -0.0728   0.0509   -0.960
    38  -2.6452   1.2066   0.4076  -0.0792   0.0071  -0.0799  -0.0657  -0.0006   0.0000  -0.0725   0.0493   -0.853
    39  -2.9824   1.1055   0.3705  -0.0857   0.0041  -0.0944  -0.0776  -0.0004   0.0000  -0.0723   0.0466   -0.682
    40  -3.3142   1.0060   0.3292  -0.0963   0.0003  -0.1166  -0.0958  -0.0005   0.0000  -0.0722   0.0425   -0.504
    41  -3.6354   0.9097   0.2857  -0.1095  -0.0043  -0.1466  -0.1205  -0.0001   0.0000  -0.0723   0.0372   -0.350
    42  -3.9410   0.8180   0.2422  -0.1238  -0.0099  -0.1842  -0.1514   0.0002   0.0000  -0.0726   0.0306   -0.229
    43  -4.2262   0.7325   0.2002  -0.1374  -0.0169  -0.2284  -0.1877   0.0009   0.0000  -0.0732   0.0232   -0.140
    44  -4.4865   0.6544   0.1612  -0.1484  -0.0259  -0.2761  -0.2269   0.0017   0.0000  -0.0744   0.0157   -0.078
    45  -4.7177   0.5851   0.1260  -0.1544  -0.0372  -0.3211  -0.2639   0.0025   0.0000  -0.0770   0.0098   -0.042
    46  -4.9163   0.5256   0.0951  -0.1520  -0.0508  -0.3520  -0.2893   0.0027   0.0000  -0.0814   0.0081   -0.031
    47  -5.0790   0.4768   0.0686  -0.1377  -0.0646  -0.3515  -0.2888   0.0017   0.0000  -0.0871   0.0132   -0.052
    48  -5.2034   0.4395   0.0459  -0.1095  -0.0741  -0.3034  -0.2493  -0.0014   0.0000  -0.0889   0.0235   -0.107
    49  -5.2874   0.4143   0.0262  -0.0696  -0.0759  -0.2049  -0.1684  -0.0057   0.0000  -0.0740   0.0282   -0.189
    50  -5.3297   0.4016   0.0085  -0.0237  -0.0733  -0.0721  -0.0593  -0.0069   0.0000  -0.0306   0.0140   -0.267

  Surface # 3     vertical_stabilizer                     
     # Chordwise = 10   # Spanwise = 25     First strip = 51
     Surface area =    0.624999       Ave. chord =    1.249999
     CLsurf  =  -0.00000     Clsurf  =   0.00000
     CYsurf  =   0.00000     Cmsurf  =   0.00000
     CDsurf  =  -0.00000     Cnsurf  =  -0.00000
     CDisurf =  -0.00000     CDvsurf =   0.00000

  Forces referred to Ssurf, Cave about hinge axis thru LE
     CLsurf  =  -0.00000     CDsurf  =  -0.00000
     Deflect =

 Strip Forces referred to Strip Area, Chord
    j      Yle    Chord     Area     c cl      ai      cl_norm  cl       cd       cdv    cm_c/4    cm_LE  C.P.x/c
    51   0.0000   1.4980   0.0074  -0.0000  -0.0000  -0.0000  -0.0000  -0.0000   0.0000   0.0000   0.0000    0.792
    52   0.0000   1.4913   0.0126  -0.0000   0.0000  -0.0000  -0.0000   0.0000   0.0000   0.0000   0.0000    0.704
    53   0.0000   1.4812   0.0175  -0.0000  -0.0000  -0.0000  -0.0000  -0.0000   0.0000   0.0000   0.0000    0.663
    54   0.0000   1.4677   0.0222  -0.0000  -0.0000  -0.0000  -0.0000  -0.0000   0.0000   0.0000   0.0000    0.684
    55   0.0000   1.4510   0.0263  -0.0000   0.0000  -0.0000  -0.0000   0.0000   0.0000   0.0000   0.0000    0.653
    56   0.0000   1.4314   0.0300  -0.0000   0.0000  -0.0000  -0.0000  -0.0000   0.0000   0.0000   0.0000    0.720
    57   0.0000   1.4092   0.0331  -0.0000  -0.0000  -0.0000  -0.0000   0.0000   0.0000   0.0000   0.0000    0.734
    58   0.0000   1.3846   0.0355  -0.0000  -0.0000  -0.0000  -0.0000  -0.0000   0.0000   0.0000   0.0000    0.798
    59   0.0000   1.3579   0.0373  -0.0000  -0.0000  -0.0000  -0.0000   0.0000   0.0000   0.0000   0.0000    0.877
    60   0.0000   1.3297   0.0384  -0.0000  -0.0000  -0.0000  -0.0000  -0.0000   0.0000   0.0000   0.0000    0.902
    61   0.0000   1.3003   0.0388  -0.0000  -0.0000  -0.0000  -0.0000  -0.0000   0.0000   0.0000   0.0000    0.827
    62   0.0000   1.2701   0.0386  -0.0000   0.0000  -0.0000  -0.0000   0.0000   0.0000   0.0000   0.0000    0.808
    63   0.0000   1.2396   0.0378  -0.0000  -0.0000  -0.0000  -0.0000   0.0000   0.0000   0.0000   0.0000    0.788
    64   0.0000   1.2093   0.0364  -0.0000  -0.0000  -0.0000  -0.0000  -0.0000   0.0000   0.0000   0.0000    0.950
    65   0.0000   1.1795   0.0346  -0.0000  -0.0000  -0.0000  -0.0000  -0.0000   0.0000   0.0000   0.0000    0.931
    66   0.0000   1.1508   0.0323  -0.0000  -0.0000  -0.0000  -0.0000   0.0000   0.0000   0.0000   0.0000    0.933
    67   0.0000   1.1236   0.0296  -0.0000  -0.0000  -0.0000  -0.0000  -0.0000   0.0000   0.0000   0.0000    0.943
    68   0.0000   1.0982   0.0267  -0.0000  -0.0000  -0.0000  -0.0000   0.0000   0.0000   0.0000   0.0000    0.952
    69   0.0000   1.0751   0.0235  -0.0000  -0.0000  -0.0000  -0.0000   0.0000   0.0000   0.0000   0.0000    0.825
    70   0.0000   1.0546   0.0201  -0.0000  -0.0000  -0.0000  -0.0000   0.0000   0.0000   0.0000   0.0000    0.860
    71   0.0000   1.0370   0.0166  -0.0000   0.0000  -0.0000  -0.0000   0.0000   0.0000   0.0000   0.0000    0.731
    72   0.0000   1.0226   0.0130  -0.0000  -0.0000  -0.0000  -0.0000  -0.0000   0.0000   0.0000   0.0000    0.754
    73   0.0000   1.0116   0.0093  -0.0000  -0.0000  -0.0000  -0.0000   0.0000   0.0000   0.0000   0.0000    0.819
    74   0.0000   1.0042   0.0056  -0.0000  -0.0000  -0.0000  -0.0000  -0.0000   0.0000   0.0000   0.0000    0.835
    75   0.0000   1.0005   0.0019  -0.0000  -0.0000  -0.0000  -0.0000  -0.0000   0.0000   0.0000   0.0000    0.841
 ---------------------------------------------------------------
