 ---------------------------------------------------------------
 Surface and Strip Forces by surface

  Forces referred to Sref, Cref, Bref about Xref, Yref, Zref
 Standard axis orientation,  X fwd, Z down         

  Surface # 1     main_wing                               
     # Chordwise = 10   # Spanwise = 25     First strip =  1
     Surface area =    7.861920       Ave. chord =    1.473425
     CLsurf  =   0.29188     Clsurf  =  -0.05424
     CYsurf  =  -0.00792     Cmsurf  =  -0.32800
     CDsurf  =   0.00824     Cnsurf  =  -0.00398
     CDisurf =   0.00824     CDvsurf =   0.00000

  Forces referred to Ssurf, Cave about hinge axis thru LE
     CLsurf  =   0.58355     CDsurf  =   0.01647
     Deflect =

 Strip Forces referred to Strip Area, Chord
    j      Yle    Chord     Area     c cl      ai      cl_norm  cl       cd       cdv    cm_c/4    cm_LE  C.P.x/c
     1   0.0062   3.3979   0.0842   1.3660   0.1024   0.4058   0.3978   0.0588   0.0000  -0.0561  -0.1529    0.391
     2   0.0556   3.3815   0.2500   1.3436   0.1018   0.4056   0.3976   0.0222   0.0000  -0.0554  -0.1511    0.389
     3   0.1538   3.3487   0.4083   1.3404   0.1020   0.4088   0.4008   0.0205   0.0000  -0.0550  -0.1514    0.387
     4   0.2990   3.3003   0.5545   1.3349   0.1038   0.4131   0.4050   0.0206   0.0000  -0.0539  -0.1514    0.383
     5   0.4891   3.2370   0.6844   1.3215   0.1089   0.4170   0.4088   0.0206   0.0000  -0.0519  -0.1504    0.377
     6   0.6904   3.0342   0.5705   1.2898   0.0969   0.4324   0.4256   0.0215   0.0000  -0.0509  -0.1362    0.370
     7   0.8923   2.6641   0.5728   1.2411   0.0777   0.4740   0.4665   0.0230   0.0000  -0.0523  -0.1462    0.362
     8   1.1195   2.2475   0.5363   1.1819   0.0595   0.5351   0.5267   0.0252   0.0000  -0.0551  -0.1617    0.355
     9   1.3685   1.7910   0.4629   1.1136   0.0303   0.6328   0.6228   0.0298   0.0000  -0.0624  -0.1888    0.350
    10   1.6551   1.5035   0.4723   1.0639   0.0356   0.8626   0.7092   0.0301   0.0000  -0.0688  -0.2166    0.347
    11   1.9763   1.4072   0.4605   1.0262   0.0485   0.8901   0.7318   0.0239   0.0000  -0.0650  -0.2180    0.339
    12   2.3081   1.3077   0.4383   0.9763   0.0493   0.9122   0.7500   0.0183   0.0000  -0.0630  -0.2201    0.334
    13   2.6452   1.2066   0.4076   0.9157   0.0466   0.9280   0.7630   0.0132   0.0000  -0.0620  -0.2219    0.331
    14   2.9824   1.1055   0.3705   0.8464   0.0423   0.9370   0.7704   0.0082   0.0000  -0.0615  -0.2229    0.330
    15   3.3142   1.0060   0.3292   0.7706   0.0371   0.9382   0.7714   0.0036   0.0000  -0.0612  -0.2228    0.329
    16   3.6354   0.9097   0.2857   0.6908   0.0316   0.9308   0.7652  -0.0009   0.0000  -0.0609  -0.2211    0.330
    17   3.9410   0.8180   0.2422   0.6092   0.0258   0.9134   0.7510  -0.0052   0.0000  -0.0607  -0.2176    0.331
    18   4.2262   0.7325   0.2002   0.5280   0.0203   0.8848   0.7274  -0.0091   0.0000  -0.0602  -0.2119    0.333
    19   4.4865   0.6544   0.1612   0.4492   0.0154   0.8430   0.6931  -0.0122   0.0000  -0.0594  -0.2037    0.336
    20   4.7177   0.5851   0.1260   0.3743   0.0118   0.7861   0.6463  -0.0146   0.0000  -0.0581  -0.1921    0.340
    21   4.9163   0.5256   0.0951   0.3038   0.0106   0.7108   0.5844  -0.0158   0.0000  -0.0554  -0.1762    0.345
    22   5.0790   0.4768   0.0686   0.2372   0.0130   0.6120   0.5032  -0.0155   0.0000  -0.0503  -0.1540    0.350
    23   5.2034   0.4395   0.0459   0.1722   0.0197   0.4823   0.3965  -0.0134   0.0000  -0.0414  -0.1228    0.354
    24   5.2874   0.4143   0.0262   0.1060   0.0306   0.3149   0.2589  -0.0092   0.0000  -0.0280  -0.0810    0.358
    25   5.3297   0.4016   0.0085   0.0361   0.0414   0.1108   0.0911  -0.0039   0.0000  -0.0103  -0.0289    0.363

  Surface # 2     main_wing (YDUP)                        
     # Chordwise = 10   # Spanwise = 25     First strip = 26
     Surface area =    7.861920       Ave. chord =    1.473425
     CLsurf  =   0.29188     Clsurf  =   0.05424
     CYsurf  =   0.00792     Cmsurf  =  -0.32801
     CDsurf  =   0.00823     Cnsurf  =   0.00398
     CDisurf =   0.00823     CDvsurf =   0.00000

  Forces referred to Ssurf, Cave about hinge axis thru LE
     CLsurf  =   0.58355     CDsurf  =   0.01646
     Deflect =

 Strip Forces referred to Strip Area, Chord
    j      Yle    Chord     Area     c cl      ai      cl_norm  cl       cd       cdv    cm_c/4    cm_LE  C.P.x/c
    26  -0.0062   3.3979   0.0842   1.3660   0.1024   0.4058   0.3978   0.0588   0.0000  -0.0561   0.1529    0.391
    27  -0.0556   3.3815   0.2500   1.3436   0.1018   0.4056   0.3976   0.0222   0.0000  -0.0554   0.1511    0.389
    28  -0.1538   3.3487   0.4083   1.3404   0.1020   0.4088   0.4008   0.0205   0.0000  -0.0550   0.1514    0.387
    29  -0.2990   3.3003   0.5545   1.3349   0.1038   0.4131   0.4050   0.0206   0.0000  -0.0539   0.1514    0.383
    30  -0.4891   3.2370   0.6844   1.3215   0.1089   0.4170   0.4088   0.0206   0.0000  -0.0519   0.1504    0.377
    31  -0.6904   3.0342   0.5705   1.2898   0.0969   0.4324   0.4256   0.0215   0.0000  -0.0509   0.1362    0.370
    32  -0.8923   2.6641   0.5728   1.2411   0.0777   0.4740   0.4665   0.0230   0.0000  -0.0523   0.1462    0.362
    33  -1.1195   2.2475   0.5363   1.1819   0.0595   0.5351   0.5267   0.0252   0.0000  -0.0551   0.1617    0.355
    34  -1.3685   1.7910   0.4629   1.1136   0.0303   0.6328   0.6228   0.0298   0.0000  -0.0624   0.1888    0.350
    35  -1.6551   1.5035   0.4723   1.0639   0.0356   0.8626   0.7092   0.0301   0.0000  -0.0688   0.2166    0.347
    36  -1.9763   1.4072   0.4605   1.0262   0.0485   0.8901   0.7318   0.0239   0.0000  -0.0650   0.2180    0.339
    37  -2.3081   1.3077   0.4383   0.9763   0.0493   0.9122   0.7500   0.0183   0.0000  -0.0630   0.2201    0.334
    38  -2.6452   1.2066   0.4076   0.9157   0.0466   0.9280   0.7630   0.0132   0.0000  -0.0620   0.2219    0.331
    39  -2.9824   1.1055   0.3705   0.8464   0.0423   0.9370   0.7704   0.0082   0.0000  -0.0615   0.2229    0.330
    40  -3.3142   1.0060   0.3292   0.7706   0.0371   0.9382   0.7714   0.0035   0.0000  -0.0612   0.2228    0.329
    41  -3.6354   0.9097   0.2857   0.6908   0.0316   0.9308   0.7652  -0.0009   0.0000  -0.0609   0.2211    0.330
    42  -3.9410   0.8180   0.2422   0.6092   0.0258   0.9134   0.7510  -0.0053   0.0000  -0.0607   0.2176    0.331
    43  -4.2262   0.7325   0.2002   0.5280   0.0203   0.8848   0.7274  -0.0091   0.0000  -0.0602   0.2119    0.333
    44  -4.4865   0.6544   0.1612   0.4492   0.0154   0.8430   0.6931  -0.0122   0.0000  -0.0594   0.2037    0.336
    45  -4.7177   0.5851   0.1260   0.3743   0.0118   0.7861   0.6463  -0.0146   0.0000  -0.0581   0.1921    0.340
    46  -4.9163   0.5256   0.0951   0.3038   0.0106   0.7108   0.5844  -0.0158   0.0000  -0.0554   0.1762    0.345
    47  -5.0790   0.4768   0.0686   0.2372   0.0130   0.6120   0.5032  -0.0155   0.0000  -0.0503   0.1540    0.350
    48  -5.2034   0.4395   0.0459   0.1722   0.0197   0.4823   0.3965  -0.0134   0.0000  -0.0414   0.1228    0.354
    49  -5.2874   0.4143   0.0262   0.1060   0.0306   0.3149   0.2589  -0.0092   0.0000  -0.0280   0.0810    0.358
    50  -5.3297   0.4016   0.0085   0.0361   0.0414   0.1108   0.0911  -0.0039   0.0000  -0.0103   0.0289    0.363

  Surface # 3     vertical_stabilizer                     
     # Chordwise = 10   # Spanwise = 25     First strip = 51
     Surface area =    0.624999       Ave. chord =    1.249999
     CLsurf  =   0.00000     Clsurf  =  -0.00000
     CYsurf  =  -0.00000     Cmsurf  =   0.00000
     CDsurf  =  -0.00000     Cnsurf  =   0.00000
     CDisurf =  -0.00000     CDvsurf =   0.00000

  Forces referred to Ssurf, Cave about hinge axis thru LE
     CLsurf  =   0.00000     CDsurf  =  -0.00000
     Deflect =

 Strip Forces referred to Strip Area, Chord
    j      Yle    Chord     Area     c cl      ai      cl_norm  cl       cd       cdv    cm_c/4    cm_LE  C.P.x/c
    51   0.0000   1.4980   0.0074   0.0000   0.0000   0.0000   0.0000   0.0000   0.0000   0.0000   0.0000   -0.428
    52   0.0000   1.4913   0.0126   0.0000  -0.0000   0.0000   0.0000   0.0000   0.0000   0.0000   0.0000   -0.312
    53   0.0000   1.4812   0.0175   0.0000   0.0000   0.0000   0.0000  -0.0000   0.0000   0.0000   0.0000   -0.133
    54   0.0000   1.4677   0.0222   0.0000  -0.0000   0.0000   0.0000  -0.0000   0.0000   0.0000   0.0000   -0.433
    55   0.0000   1.4510   0.0263   0.0000   0.0000   0.0000   0.0000  -0.0000   0.0000   0.0000   0.0000   -0.846
    56   0.0000   1.4314   0.0300   0.0000  -0.0000   0.0000   0.0000   0.0000   0.0000   0.0000   0.0000   -0.867
    57   0.0000   1.4092   0.0331   0.0000   0.0000   0.0000   0.0000  -0.0000   0.0000   0.0000   0.0000   -0.512
    58   0.0000   1.3846   0.0355   0.0000   0.0000   0.0000   0.0000  -0.0000   0.0000   0.0000  -0.0000   -0.038
    59   0.0000   1.3579   0.0373   0.0000   0.0000   0.0000   0.0000   0.0000   0.0000   0.0000  -0.0000    0.028
    60   0.0000   1.3297   0.0384   0.0000   0.0000   0.0000   0.0000  -0.0000   0.0000   0.0000   0.0000   -0.282
    61   0.0000   1.3003   0.0388   0.0000   0.0000   0.0000   0.0000  -0.0000   0.0000   0.0000   0.0000   -0.266
    62   0.0000   1.2701   0.0386   0.0000   0.0000   0.0000   0.0000   0.0000   0.0000   0.0000   0.0000   -0.715
    63   0.0000   1.2396   0.0378   0.0000   0.0000   0.0000   0.0000  -0.0000   0.0000   0.0000   0.0000   -0.290
    64   0.0000   1.2093   0.0364   0.0000   0.0000   0.0000   0.0000  -0.0000   0.0000   0.0000   0.0000   -0.445
    65   0.0000   1.1795   0.0346   0.0000   0.0000   0.0000   0.0000  -0.0000   0.0000   0.0000   0.0000   -0.144
    66   0.0000   1.1508   0.0323   0.0000   0.0000   0.0000   0.0000  -0.0000   0.0000   0.0000   0.0000
    67   0.0000   1.1236   0.0296   0.0000   0.0000   0.0000   0.0000  -0.0000   0.0000   0.0000   0.0000   -0.396
    68   0.0000   1.0982   0.0267   0.0000   0.0000   0.0000   0.0000   0.0000   0.0000   0.0000   0.0000
    69   0.0000   1.0751   0.0235   0.0000   0.0000   0.0000   0.0000   0.0000   0.0000   0.0000   0.0000   -0.902
    70   0.0000   1.0546   0.0201   0.0000   0.0000   0.0000   0.0000  -0.0000   0.0000   0.0000  -0.0000    0.099
    71   0.0000   1.0370   0.0166   0.0000   0.0000   0.0000   0.0000  -0.0000   0.0000   0.0000  -0.0000    0.185
    72   0.0000   1.0226   0.0130   0.0000   0.0000   0.0000   0.0000  -0.0000   0.0000   0.0000  -0.0000    0.068
    73   0.0000   1.0116   0.0093   0.0000   0.0000   0.0000   0.0000  -0.0000   0.0000   0.0000  -0.0000    0.033
    74   0.0000   1.0042   0.0056   0.0000   0.0000   0.0000   0.0000  -0.0000   0.0000   0.0000  -0.0000    0.058
    75   0.0000   1.0005   0.0019   0.0000   0.0000   0.0000   0.0000  -0.0000   0.0000   0.0000  -0.0000    0.044
 ---------------------------------------------------------------
