 ---------------------------------------------------------------
 Surface and Strip Forces by surface

  Forces referred to Sref, Cref, Bref about Xref, Yref, Zref
 Standard axis orientation,  X fwd, Z down         

  Surface # 1     main_wing                               
     # Chordwise = 10   # Spanwise = 25     First strip =  1
     Surface area =    7.861920       Ave. chord =    1.473425
     CLsurf  =   0.29784     Clsurf  =  -0.05548
     CYsurf  =  -0.00811     Cmsurf  =  -0.33533
     CDsurf  =   0.00858     Cnsurf  =  -0.00407
     CDisurf =   0.00858     CDvsurf =   0.00000

  Forces referred to Ssurf, Cave about hinge axis thru LE
     CLsurf  =   0.59546     CDsurf  =   0.01714
     Deflect =

 Strip Forces referred to Strip Area, Chord
    j      Yle    Chord     Area     c cl      ai      cl_norm  cl       cd       cdv    cm_c/4    cm_LE  C.P.x/c
     1   0.0062   3.3979   0.0842   1.3906   0.1039   0.4129   0.4047   0.0620   0.0000  -0.0575  -0.1561    0.392
     2   0.0556   3.3815   0.2500   1.3666   0.1033   0.4125   0.4044   0.0230   0.0000  -0.0567  -0.1541    0.390
     3   0.1538   3.3487   0.4083   1.3633   0.1035   0.4158   0.4076   0.0211   0.0000  -0.0563  -0.1544    0.388
     4   0.2990   3.3003   0.5545   1.3576   0.1053   0.4202   0.4118   0.0212   0.0000  -0.0552  -0.1544    0.384
     5   0.4891   3.2370   0.6844   1.3440   0.1103   0.4241   0.4157   0.0214   0.0000  -0.0532  -0.1533    0.378
     6   0.6904   3.0342   0.5705   1.3118   0.0980   0.4398   0.4328   0.0222   0.0000  -0.0522  -0.1388    0.371
     7   0.8923   2.6641   0.5728   1.2624   0.0786   0.4821   0.4745   0.0238   0.0000  -0.0536  -0.1491    0.363
     8   1.1195   2.2475   0.5363   1.2025   0.0601   0.5444   0.5358   0.0261   0.0000  -0.0566  -0.1650    0.356
     9   1.3685   1.7910   0.4629   1.1336   0.0305   0.6440   0.6339   0.0310   0.0000  -0.0643  -0.1928    0.351
    10   1.6551   1.5035   0.4723   1.0838   0.0362   0.8786   0.7224   0.0317   0.0000  -0.0710  -0.2214    0.348
    11   1.9763   1.4072   0.4605   1.0463   0.0495   0.9075   0.7461   0.0252   0.0000  -0.0670  -0.2229    0.340
    12   2.3081   1.3077   0.4383   0.9964   0.0505   0.9308   0.7653   0.0195   0.0000  -0.0649  -0.2251    0.335
    13   2.6452   1.2066   0.4076   0.9354   0.0478   0.9479   0.7793   0.0139   0.0000  -0.0638  -0.2271    0.332
    14   2.9824   1.1055   0.3705   0.8654   0.0435   0.9580   0.7876   0.0087   0.0000  -0.0632  -0.2283    0.330
    15   3.3142   1.0060   0.3292   0.7887   0.0384   0.9602   0.7895   0.0038   0.0000  -0.0629  -0.2282    0.330
    16   3.6354   0.9097   0.2857   0.7078   0.0328   0.9536   0.7840  -0.0010   0.0000  -0.0626  -0.2266    0.330
    17   3.9410   0.8180   0.2422   0.6248   0.0270   0.9369   0.7703  -0.0054   0.0000  -0.0622  -0.2232    0.331
    18   4.2262   0.7325   0.2002   0.5422   0.0215   0.9085   0.7469  -0.0095   0.0000  -0.0617  -0.2175    0.333
    19   4.4865   0.6544   0.1612   0.4618   0.0165   0.8666   0.7125  -0.0129   0.0000  -0.0609  -0.2092    0.335
    20   4.7177   0.5851   0.1260   0.3851   0.0130   0.8089   0.6650  -0.0154   0.0000  -0.0594  -0.1974    0.339
    21   4.9163   0.5256   0.0951   0.3128   0.0118   0.7320   0.6018  -0.0167   0.0000  -0.0565  -0.1809    0.344
    22   5.0790   0.4768   0.0686   0.2443   0.0142   0.6304   0.5183  -0.0165   0.0000  -0.0510  -0.1579    0.348
    23   5.2034   0.4395   0.0459   0.1773   0.0208   0.4966   0.4083  -0.0143   0.0000  -0.0417  -0.1256    0.352
    24   5.2874   0.4143   0.0262   0.1090   0.0314   0.3239   0.2663  -0.0099   0.0000  -0.0280  -0.0826    0.355
    25   5.3297   0.4016   0.0085   0.0371   0.0418   0.1138   0.0936  -0.0042   0.0000  -0.0103  -0.0294    0.360

  Surface # 2     main_wing (YDUP)                        
     # Chordwise = 10   # Spanwise = 25     First strip = 26
     Surface area =    7.861920       Ave. chord =    1.473425
     CLsurf  =   0.29784     Clsurf  =   0.05548
     CYsurf  =   0.00810     Cmsurf  =  -0.33533
     CDsurf  =   0.00857     Cnsurf  =   0.00407
     CDisurf =   0.00857     CDvsurf =   0.00000

  Forces referred to Ssurf, Cave about hinge axis thru LE
     CLsurf  =   0.59546     CDsurf  =   0.01714
     Deflect =

 Strip Forces referred to Strip Area, Chord
    j      Yle    Chord     Area     c cl      ai      cl_norm  cl       cd       cdv    cm_c/4    cm_LE  C.P.x/c
    26  -0.0062   3.3979   0.0842   1.3906   0.1039   0.4129   0.4047   0.0620   0.0000  -0.0575   0.1561    0.392
    27  -0.0556   3.3815   0.2500   1.3666   0.1033   0.4125   0.4044   0.0230   0.0000  -0.0567   0.1541    0.390
    28  -0.1538   3.3487   0.4083   1.3633   0.1035   0.4158   0.4076   0.0211   0.0000  -0.0563   0.1544    0.388
    29  -0.2990   3.3003   0.5545   1.3576   0.1053   0.4202   0.4118   0.0212   0.0000  -0.0552   0.1544    0.384
    30  -0.4891   3.2370   0.6844   1.3440   0.1103   0.4241   0.4157   0.0214   0.0000  -0.0532   0.1533    0.378
    31  -0.6904   3.0342   0.5705   1.3118   0.0980   0.4398   0.4328   0.0222   0.0000  -0.0522   0.1388    0.371
    32  -0.8923   2.6641   0.5728   1.2624   0.0786   0.4821   0.4745   0.0238   0.0000  -0.0536   0.1491    0.363
    33  -1.1195   2.2475   0.5363   1.2025   0.0601   0.5444   0.5358   0.0261   0.0000  -0.0566   0.1650    0.356
    34  -1.3685   1.7910   0.4629   1.1336   0.0305   0.6440   0.6339   0.0310   0.0000  -0.0643   0.1928    0.351
    35  -1.6551   1.5035   0.4723   1.0838   0.0362   0.8786   0.7224   0.0317   0.0000  -0.0710   0.2214    0.348
    36  -1.9763   1.4072   0.4605   1.0463   0.0495   0.9075   0.7461   0.0252   0.0000  -0.0670   0.2229    0.340
    37  -2.3081   1.3077   0.4383   0.9964   0.0505   0.9308   0.7653   0.0195   0.0000  -0.0649   0.2251    0.335
    38  -2.6452   1.2066   0.4076   0.9354   0.0478   0.9479   0.7793   0.0139   0.0000  -0.0638   0.2271    0.332
    39  -2.9824   1.1055   0.3705   0.8654   0.0435   0.9580   0.7876   0.0087   0.0000  -0.0632   0.2283    0.330
    40  -3.3142   1.0060   0.3292   0.7887   0.0384   0.9602   0.7895   0.0039   0.0000  -0.0629   0.2282    0.330
    41  -3.6354   0.9097   0.2857   0.7078   0.0328   0.9536   0.7840  -0.0009   0.0000  -0.0626   0.2266    0.330
    42  -3.9410   0.8180   0.2422   0.6248   0.0270   0.9369   0.7703  -0.0054   0.0000  -0.0622   0.2232    0.331
    43  -4.2262   0.7325   0.2002   0.5422   0.0215   0.9085   0.7469  -0.0095   0.0000  -0.0617   0.2175    0.333
    44  -4.4865   0.6544   0.1612   0.4618   0.0165   0.8666   0.7125  -0.0129   0.0000  -0.0609   0.2092    0.335
    45  -4.7177   0.5851   0.1260   0.3851   0.0130   0.8089   0.6650  -0.0154   0.0000  -0.0594   0.1974    0.339
    46  -4.9163   0.5256   0.0951   0.3128   0.0118   0.7320   0.6018  -0.0167   0.0000  -0.0565   0.1809    0.344
    47  -5.0790   0.4768   0.0686   0.2443   0.0142   0.6304   0.5183  -0.0165   0.0000  -0.0510   0.1579    0.348
    48  -5.2034   0.4395   0.0459   0.1773   0.0208   0.4966   0.4083  -0.0143   0.0000  -0.0417   0.1256    0.352
    49  -5.2874   0.4143   0.0262   0.1090   0.0314   0.3239   0.2663  -0.0099   0.0000  -0.0280   0.0826    0.355
    50  -5.3297   0.4016   0.0085   0.0371   0.0418   0.1138   0.0936  -0.0042   0.0000  -0.0103   0.0294    0.360

  Surface # 3     vertical_stabilizer                     
     # Chordwise = 10   # Spanwise = 25     First strip = 51
     Surface area =    0.624999       Ave. chord =    1.249999
     CLsurf  =   0.00000     Clsurf  =  -0.00000
     CYsurf  =  -0.00000     Cmsurf  =  -0.00000
     CDsurf  =  -0.00000     Cnsurf  =   0.00000
     CDisurf =  -0.00000     CDvsurf =   0.00000

  Forces referred to Ssurf, Cave about hinge axis thru LE
     CLsurf  =   0.00000     CDsurf  =  -0.00000
     Deflect =

 Strip Forces referred to Strip Area, Chord
    j      Yle    Chord     Area     c cl      ai      cl_norm  cl       cd       cdv    cm_c/4    cm_LE  C.P.x/c
    51   0.0000   1.4980   0.0074   0.0000  -0.0000   0.0000   0.0000   0.0000   0.0000  -0.0000  -0.0000    0.304
    52   0.0000   1.4913   0.0126   0.0000   0.0000   0.0000   0.0000   0.0000   0.0000  -0.0000  -0.0000    0.327
    53   0.0000   1.4812   0.0175   0.0000   0.0000   0.0000   0.0000  -0.0000   0.0000  -0.0000  -0.0000    0.293
    54   0.0000   1.4677   0.0222   0.0000   0.0000   0.0000   0.0000  -0.0000   0.0000  -0.0000  -0.0000    0.333
    55   0.0000   1.4510   0.0263   0.0000  -0.0000   0.0000   0.0000  -0.0000   0.0000  -0.0000  -0.0000    0.313
    56   0.0000   1.4314   0.0300   0.0000  -0.0000   0.0000   0.0000  -0.0000   0.0000  -0.0000  -0.0000    0.318
    57   0.0000   1.4092   0.0331   0.0000  -0.0000   0.0000   0.0000  -0.0000   0.0000  -0.0000  -0.0000    0.326
    58   0.0000   1.3846   0.0355   0.0000  -0.0000   0.0000   0.0000   0.0000   0.0000  -0.0000  -0.0000    0.368
    59   0.0000   1.3579   0.0373   0.0000  -0.0000   0.0000   0.0000  -0.0000   0.0000  -0.0000  -0.0000    0.358
    60   0.0000   1.3297   0.0384   0.0000  -0.0000   0.0000   0.0000   0.0000   0.0000  -0.0000  -0.0000    0.285
    61   0.0000   1.3003   0.0388   0.0000   0.0000   0.0000   0.0000   0.0000   0.0000  -0.0000  -0.0000    0.257
    62   0.0000   1.2701   0.0386   0.0000  -0.0000   0.0000   0.0000  -0.0000   0.0000   0.0000  -0.0000    0.044
    63   0.0000   1.2396   0.0378   0.0000   0.0000   0.0000   0.0000  -0.0000   0.0000   0.0000  -0.0000    0.187
    64   0.0000   1.2093   0.0364   0.0000   0.0000   0.0000   0.0000  -0.0000   0.0000   0.0000  -0.0000    0.132
    65   0.0000   1.1795   0.0346   0.0000   0.0000   0.0000   0.0000  -0.0000   0.0000   0.0000  -0.0000    0.013
    66   0.0000   1.1508   0.0323   0.0000   0.0000   0.0000   0.0000  -0.0000   0.0000   0.0000  -0.0000    0.167
    67   0.0000   1.1236   0.0296   0.0000   0.0000   0.0000   0.0000   0.0000   0.0000   0.0000  -0.0000    0.182
    68   0.0000   1.0982   0.0267   0.0000   0.0000   0.0000   0.0000  -0.0000   0.0000   0.0000  -0.0000    0.128
    69   0.0000   1.0751   0.0235   0.0000   0.0000   0.0000   0.0000   0.0000   0.0000   0.0000  -0.0000    0.156
    70   0.0000   1.0546   0.0201   0.0000   0.0000   0.0000   0.0000  -0.0000   0.0000   0.0000  -0.0000    0.250
    71   0.0000   1.0370   0.0166   0.0000   0.0000   0.0000   0.0000  -0.0000   0.0000  -0.0000  -0.0000    0.321
    72   0.0000   1.0226   0.0130   0.0000   0.0000   0.0000   0.0000   0.0000   0.0000  -0.0000  -0.0000    0.288
    73   0.0000   1.0116   0.0093   0.0000   0.0000   0.0000   0.0000  -0.0000   0.0000  -0.0000  -0.0000    0.344
    74   0.0000   1.0042   0.0056   0.0000   0.0000   0.0000   0.0000  -0.0000   0.0000  -0.0000  -0.0000    0.316
    75   0.0000   1.0005   0.0019   0.0000   0.0000   0.0000   0.0000   0.0000   0.0000  -0.0000  -0.0000    0.286
 ---------------------------------------------------------------
