 ---------------------------------------------------------------
 Surface and Strip Forces by surface

  Forces referred to Sref, Cref, Bref about Xref, Yref, Zref
 Standard axis orientation,  X fwd, Z down         

  Surface # 1     main_wing                               
     # Chordwise = 10   # Spanwise = 25     First strip =  1
     Surface area =    7.861920       Ave. chord =    1.473425
     CLsurf  =  -0.03748     Clsurf  =   0.00898
     CYsurf  =   0.00026     Cmsurf  =  -0.00067
     CDsurf  =   0.00037     Cnsurf  =  -0.00022
     CDisurf =   0.00037     CDvsurf =   0.00000

  Forces referred to Ssurf, Cave about hinge axis thru LE
     CLsurf  =  -0.07491     CDsurf  =   0.00074
     Deflect =

 Strip Forces referred to Strip Area, Chord
    j      Yle    Chord     Area     c cl      ai      cl_norm  cl       cd       cdv    cm_c/4    cm_LE  C.P.x/c
     1   0.0062   3.3979   0.0842  -0.1334  -0.0124  -0.0392  -0.0384   0.0249   0.0000  -0.0607  -0.0497
     2   0.0556   3.3815   0.2500  -0.1415  -0.0125  -0.0425  -0.0417   0.0041   0.0000  -0.0612  -0.0496
     3   0.1538   3.3487   0.4083  -0.1414  -0.0117  -0.0430  -0.0422   0.0025   0.0000  -0.0617  -0.0499
     4   0.2990   3.3003   0.5545  -0.1395  -0.0096  -0.0431  -0.0422   0.0017   0.0000  -0.0617  -0.0499
     5   0.4891   3.2370   0.6844  -0.1362  -0.0051  -0.0429  -0.0420   0.0018   0.0000  -0.0604  -0.0486
     6   0.6904   3.0342   0.5705  -0.1374  -0.0102  -0.0460  -0.0453   0.0010   0.0000  -0.0591  -0.0413
     7   0.8923   2.6641   0.5728  -0.1386  -0.0159  -0.0529  -0.0521  -0.0000   0.0000  -0.0605  -0.0411   -0.913
     8   1.1195   2.2475   0.5363  -0.1335  -0.0159  -0.0604  -0.0595  -0.0007   0.0000  -0.0621  -0.0409   -0.795
     9   1.3685   1.7910   0.4629  -0.1209  -0.0133  -0.0686  -0.0676  -0.0012   0.0000  -0.0649  -0.0416   -0.711
    10   1.6551   1.5035   0.4723  -0.0949   0.0041  -0.0769  -0.0632  -0.0010   0.0000  -0.0678  -0.0458   -0.823
    11   1.9763   1.4072   0.4605  -0.0773   0.0098  -0.0669  -0.0550  -0.0005   0.0000  -0.0665  -0.0465   -0.960
    12   2.3081   1.3077   0.4383  -0.0706   0.0094  -0.0658  -0.0541  -0.0006   0.0000  -0.0660  -0.0462   -0.971
    13   2.6452   1.2066   0.4076  -0.0717   0.0072  -0.0724  -0.0595  -0.0005   0.0000  -0.0657  -0.0448   -0.855
    14   2.9824   1.1055   0.3705  -0.0784   0.0042  -0.0864  -0.0710  -0.0003   0.0000  -0.0656  -0.0422   -0.675
    15   3.3142   1.0060   0.3292  -0.0889   0.0005  -0.1077  -0.0885  -0.0002   0.0000  -0.0656  -0.0383   -0.492
    16   3.6354   0.9097   0.2857  -0.1019  -0.0039  -0.1364  -0.1121   0.0000   0.0000  -0.0657  -0.0332   -0.336
    17   3.9410   0.8180   0.2422  -0.1157  -0.0092  -0.1722  -0.1415   0.0003   0.0000  -0.0659  -0.0269   -0.216
    18   4.2262   0.7325   0.2002  -0.1289  -0.0158  -0.2143  -0.1761   0.0009   0.0000  -0.0664  -0.0198   -0.127
    19   4.4865   0.6544   0.1612  -0.1398  -0.0242  -0.2601  -0.2137   0.0016   0.0000  -0.0674  -0.0124   -0.065
    20   4.7177   0.5851   0.1260  -0.1461  -0.0351  -0.3039  -0.2498   0.0025   0.0000  -0.0694  -0.0062   -0.028
    21   4.9163   0.5256   0.0951  -0.1447  -0.0486  -0.3351  -0.2754   0.0030   0.0000  -0.0730  -0.0038   -0.015
    22   5.0790   0.4768   0.0686  -0.1321  -0.0629  -0.3373  -0.2772   0.0025   0.0000  -0.0782  -0.0079   -0.032
    23   5.2034   0.4395   0.0459  -0.1058  -0.0734  -0.2932  -0.2410   0.0000   0.0000  -0.0806  -0.0180   -0.085
    24   5.2874   0.4143   0.0262  -0.0676  -0.0758  -0.1988  -0.1634  -0.0036   0.0000  -0.0683  -0.0243   -0.168
    25   5.3297   0.4016   0.0085  -0.0230  -0.0728  -0.0699  -0.0575  -0.0049   0.0000  -0.0287  -0.0127   -0.250

  Surface # 2     main_wing (YDUP)                        
     # Chordwise = 10   # Spanwise = 25     First strip = 26
     Surface area =    7.861920       Ave. chord =    1.473425
     CLsurf  =  -0.03748     Clsurf  =  -0.00898
     CYsurf  =  -0.00026     Cmsurf  =  -0.00067
     CDsurf  =   0.00037     Cnsurf  =   0.00022
     CDisurf =   0.00037     CDvsurf =   0.00000

  Forces referred to Ssurf, Cave about hinge axis thru LE
     CLsurf  =  -0.07491     CDsurf  =   0.00074
     Deflect =

 Strip Forces referred to Strip Area, Chord
    j      Yle    Chord     Area     c cl      ai      cl_norm  cl       cd       cdv    cm_c/4    cm_LE  C.P.x/c
    26  -0.0062   3.3979   0.0842  -0.1334  -0.0124  -0.0392  -0.0384   0.0249   0.0000  -0.0607   0.0497
    27  -0.0556   3.3815   0.2500  -0.1415  -0.0125  -0.0425  -0.0417   0.0041   0.0000  -0.0612   0.0496
    28  -0.1538   3.3487   0.4083  -0.1414  -0.0117  -0.0430  -0.0422   0.0025   0.0000  -0.0617   0.0499
    29  -0.2990   3.3003   0.5545  -0.1395  -0.0096  -0.0431  -0.0422   0.0017   0.0000  -0.0617   0.0499
    30  -0.4891   3.2370   0.6844  -0.1362  -0.0051  -0.0429  -0.0420   0.0018   0.0000  -0.0604   0.0486
    31  -0.6904   3.0342   0.5705  -0.1374  -0.0102  -0.0460  -0.0453   0.0010   0.0000  -0.0591   0.0413
    32  -0.8923   2.6641   0.5728  -0.1386  -0.0159  -0.0529  -0.0521  -0.0000   0.0000  -0.0605   0.0411   -0.913
    33  -1.1195   2.2475   0.5363  -0.1335  -0.0159  -0.0604  -0.0595  -0.0007   0.0000  -0.0621   0.0409   -0.795
    34  -1.3685   1.7910   0.4629  -0.1209  -0.0133  -0.0686  -0.0676  -0.0012   0.0000  -0.0649   0.0416   -0.711
    35  -1.6551   1.5035   0.4723  -0.0949   0.0041  -0.0769  -0.0632  -0.0010   0.0000  -0.0678   0.0458   -0.823
    36  -1.9763   1.4072   0.4605  -0.0773   0.0098  -0.0669  -0.0550  -0.0005   0.0000  -0.0665   0.0465   -0.960
    37  -2.3081   1.3077   0.4383  -0.0706   0.0094  -0.0658  -0.0541  -0.0006   0.0000  -0.0660   0.0462   -0.971
    38  -2.6452   1.2066   0.4076  -0.0717   0.0072  -0.0724  -0.0595  -0.0005   0.0000  -0.0657   0.0448   -0.855
    39  -2.9824   1.1055   0.3705  -0.0784   0.0042  -0.0864  -0.0710  -0.0003   0.0000  -0.0656   0.0422   -0.675
    40  -3.3142   1.0060   0.3292  -0.0889   0.0005  -0.1077  -0.0885  -0.0002   0.0000  -0.0656   0.0383   -0.492
    41  -3.6354   0.9097   0.2857  -0.1019  -0.0039  -0.1364  -0.1121   0.0000   0.0000  -0.0657   0.0332   -0.336
    42  -3.9410   0.8180   0.2422  -0.1157  -0.0092  -0.1722  -0.1415   0.0003   0.0000  -0.0659   0.0269   -0.216
    43  -4.2262   0.7325   0.2002  -0.1289  -0.0158  -0.2143  -0.1761   0.0009   0.0000  -0.0664   0.0198   -0.127
    44  -4.4865   0.6544   0.1612  -0.1398  -0.0242  -0.2601  -0.2137   0.0016   0.0000  -0.0674   0.0124   -0.065
    45  -4.7177   0.5851   0.1260  -0.1461  -0.0351  -0.3039  -0.2498   0.0025   0.0000  -0.0694   0.0062   -0.028
    46  -4.9163   0.5256   0.0951  -0.1447  -0.0486  -0.3351  -0.2754   0.0030   0.0000  -0.0730   0.0038   -0.015
    47  -5.0790   0.4768   0.0686  -0.1321  -0.0629  -0.3373  -0.2772   0.0025   0.0000  -0.0782   0.0079   -0.032
    48  -5.2034   0.4395   0.0459  -0.1058  -0.0734  -0.2932  -0.2410   0.0000   0.0000  -0.0806   0.0180   -0.085
    49  -5.2874   0.4143   0.0262  -0.0676  -0.0758  -0.1988  -0.1634  -0.0036   0.0000  -0.0683   0.0243   -0.168
    50  -5.3297   0.4016   0.0085  -0.0230  -0.0728  -0.0699  -0.0575  -0.0049   0.0000  -0.0287   0.0127   -0.250

  Surface # 3     vertical_stabilizer                     
     # Chordwise = 10   # Spanwise = 25     First strip = 51
     Surface area =    0.624999       Ave. chord =    1.249999
     CLsurf  =   0.00000     Clsurf  =   0.00000
     CYsurf  =   0.00000     Cmsurf  =  -0.00000
     CDsurf  =  -0.00000     Cnsurf  =  -0.00000
     CDisurf =  -0.00000     CDvsurf =   0.00000

  Forces referred to Ssurf, Cave about hinge axis thru LE
     CLsurf  =  -0.00000     CDsurf  =  -0.00000
     Deflect =

 Strip Forces referred to Strip Area, Chord
    j      Yle    Chord     Area     c cl      ai      cl_norm  cl       cd       cdv    cm_c/4    cm_LE  C.P.x/c
    51   0.0000   1.4980   0.0074  -0.0000  -0.0000  -0.0000  -0.0000  -0.0000   0.0000  -0.0000   0.0000    0.250
    52   0.0000   1.4913   0.0126  -0.0000  -0.0000  -0.0000  -0.0000  -0.0000   0.0000  -0.0000   0.0000    0.247
    53   0.0000   1.4812   0.0175  -0.0000  -0.0000  -0.0000  -0.0000  -0.0000   0.0000  -0.0000   0.0000    0.234
    54   0.0000   1.4677   0.0222  -0.0000  -0.0000  -0.0000  -0.0000   0.0000   0.0000  -0.0000   0.0000    0.243
    55   0.0000   1.4510   0.0263  -0.0000   0.0000  -0.0000  -0.0000  -0.0000   0.0000   0.0000   0.0000    0.279
    56   0.0000   1.4314   0.0300  -0.0000   0.0000  -0.0000  -0.0000   0.0000   0.0000   0.0000   0.0000    0.314
    57   0.0000   1.4092   0.0331  -0.0000   0.0000  -0.0000  -0.0000  -0.0000   0.0000   0.0000   0.0000    0.297
    58   0.0000   1.3846   0.0355  -0.0000   0.0000  -0.0000  -0.0000  -0.0000   0.0000   0.0000   0.0000    0.264
    59   0.0000   1.3579   0.0373  -0.0000  -0.0000  -0.0000  -0.0000   0.0000   0.0000   0.0000   0.0000    0.349
    60   0.0000   1.3297   0.0384  -0.0000  -0.0000  -0.0000  -0.0000   0.0000   0.0000   0.0000   0.0000    0.315
    61   0.0000   1.3003   0.0388  -0.0000   0.0000  -0.0000  -0.0000  -0.0000   0.0000   0.0000   0.0000    0.387
    62   0.0000   1.2701   0.0386  -0.0000   0.0000  -0.0000  -0.0000   0.0000   0.0000   0.0000   0.0000    0.364
    63   0.0000   1.2396   0.0378  -0.0000  -0.0000  -0.0000  -0.0000  -0.0000   0.0000   0.0000   0.0000    0.269
    64   0.0000   1.2093   0.0364  -0.0000  -0.0000  -0.0000  -0.0000   0.0000   0.0000  -0.0000   0.0000    0.221
    65   0.0000   1.1795   0.0346  -0.0000  -0.0000  -0.0000  -0.0000   0.0000   0.0000   0.0000   0.0000    0.276
    66   0.0000   1.1508   0.0323  -0.0000   0.0000  -0.0000  -0.0000  -0.0000   0.0000  -0.0000   0.0000    0.245
    67   0.0000   1.1236   0.0296  -0.0000  -0.0000  -0.0000  -0.0000   0.0000   0.0000  -0.0000   0.0000    0.181
    68   0.0000   1.0982   0.0267  -0.0000  -0.0000  -0.0000  -0.0000  -0.0000   0.0000  -0.0000   0.0000    0.169
    69   0.0000   1.0751   0.0235  -0.0000  -0.0000  -0.0000  -0.0000  -0.0000   0.0000   0.0000   0.0000    0.251
    70   0.0000   1.0546   0.0201  -0.0000  -0.0000  -0.0000  -0.0000   0.0000   0.0000  -0.0000   0.0000    0.230
    71   0.0000   1.0370   0.0166  -0.0000  -0.0000  -0.0000  -0.0000  -0.0000   0.0000   0.0000   0.0000    0.284
    72   0.0000   1.0226   0.0130  -0.0000  -0.0000  -0.0000  -0.0000  -0.0000   0.0000   0.0000   0.0000    0.314
    73   0.0000   1.0116   0.0093  -0.0000  -0.0000  -0.0000  -0.0000  -0.0000   0.0000   0.0000   0.0000    0.257
    74   0.0000   1.0042   0.0056  -0.0000  -0.0000  -0.0000  -0.0000   0.0000   0.0000   0.0000   0.0000    0.271
    75   0.0000   1.0005   0.0019  -0.0000  -0.0000  -0.0000  -0.0000   0.0000   0.0000   0.0000   0.0000    0.317
 ---------------------------------------------------------------
