 ---------------------------------------------------------------
 Surface and Strip Forces by surface

  Forces referred to Sref, Cref, Bref about Xref, Yref, Zref
 Standard axis orientation,  X fwd, Z down         

  Surface # 1     main_wing                               
     # Chordwise = 10   # Spanwise = 25     First strip =  1
     Surface area =    7.861920       Ave. chord =    1.473425
     CLsurf  =  -0.03678     Clsurf  =   0.00880
     CYsurf  =   0.00026     Cmsurf  =  -0.00040
     CDsurf  =   0.00035     Cnsurf  =  -0.00021
     CDisurf =   0.00035     CDvsurf =   0.00000

  Forces referred to Ssurf, Cave about hinge axis thru LE
     CLsurf  =  -0.07350     CDsurf  =   0.00070
     Deflect =

 Strip Forces referred to Strip Area, Chord
    j      Yle    Chord     Area     c cl      ai      cl_norm  cl       cd       cdv    cm_c/4    cm_LE  C.P.x/c
     1   0.0062   3.3979   0.0842  -0.1335  -0.0129  -0.0393  -0.0385   0.0232   0.0000  -0.0593  -0.0483
     2   0.0556   3.3815   0.2500  -0.1410  -0.0130  -0.0424  -0.0416   0.0039   0.0000  -0.0598  -0.0482
     3   0.1538   3.3487   0.4083  -0.1408  -0.0122  -0.0428  -0.0420   0.0023   0.0000  -0.0603  -0.0486
     4   0.2990   3.3003   0.5545  -0.1389  -0.0101  -0.0429  -0.0420   0.0016   0.0000  -0.0603  -0.0485
     5   0.4891   3.2370   0.6844  -0.1353  -0.0055  -0.0426  -0.0418   0.0017   0.0000  -0.0590  -0.0474
     6   0.6904   3.0342   0.5705  -0.1361  -0.0103  -0.0455  -0.0448   0.0010   0.0000  -0.0577  -0.0402
     7   0.8923   2.6641   0.5728  -0.1367  -0.0158  -0.0521  -0.0513  -0.0000   0.0000  -0.0591  -0.0400   -0.901
     8   1.1195   2.2475   0.5363  -0.1310  -0.0155  -0.0593  -0.0584  -0.0006   0.0000  -0.0606  -0.0398   -0.789
     9   1.3685   1.7910   0.4629  -0.1179  -0.0126  -0.0669  -0.0659  -0.0011   0.0000  -0.0632  -0.0404   -0.709
    10   1.6551   1.5035   0.4723  -0.0921   0.0046  -0.0746  -0.0613  -0.0009   0.0000  -0.0659  -0.0445   -0.824
    11   1.9763   1.4072   0.4605  -0.0747   0.0099  -0.0647  -0.0531  -0.0009   0.0000  -0.0646  -0.0452   -0.965
    12   2.3081   1.3077   0.4383  -0.0683   0.0094  -0.0636  -0.0523  -0.0004   0.0000  -0.0641  -0.0449   -0.976
    13   2.6452   1.2066   0.4076  -0.0696   0.0072  -0.0702  -0.0577  -0.0004   0.0000  -0.0639  -0.0435   -0.857
    14   2.9824   1.1055   0.3705  -0.0763   0.0042  -0.0840  -0.0691  -0.0003   0.0000  -0.0638  -0.0410   -0.674
    15   3.3142   1.0060   0.3292  -0.0868   0.0005  -0.1051  -0.0864  -0.0001   0.0000  -0.0638  -0.0372   -0.489
    16   3.6354   0.9097   0.2857  -0.0997  -0.0038  -0.1334  -0.1096   0.0001   0.0000  -0.0639  -0.0321   -0.333
    17   3.9410   0.8180   0.2422  -0.1134  -0.0090  -0.1687  -0.1387   0.0004   0.0000  -0.0641  -0.0259   -0.212
    18   4.2262   0.7325   0.2002  -0.1265  -0.0155  -0.2102  -0.1727   0.0009   0.0000  -0.0645  -0.0189   -0.124
    19   4.4865   0.6544   0.1612  -0.1373  -0.0238  -0.2554  -0.2099   0.0016   0.0000  -0.0655  -0.0115   -0.062
    20   4.7177   0.5851   0.1260  -0.1436  -0.0345  -0.2988  -0.2456   0.0025   0.0000  -0.0673  -0.0053   -0.024
    21   4.9163   0.5256   0.0951  -0.1425  -0.0479  -0.3301  -0.2713   0.0031   0.0000  -0.0708  -0.0027   -0.011
    22   5.0790   0.4768   0.0686  -0.1304  -0.0623  -0.3330  -0.2736   0.0027   0.0000  -0.0757  -0.0065   -0.027
    23   5.2034   0.4395   0.0459  -0.1047  -0.0732  -0.2902  -0.2385   0.0004   0.0000  -0.0783  -0.0165   -0.078
    24   5.2874   0.4143   0.0262  -0.0670  -0.0758  -0.1970  -0.1619  -0.0031   0.0000  -0.0667  -0.0232   -0.162
    25   5.3297   0.4016   0.0085  -0.0228  -0.0726  -0.0693  -0.0569  -0.0045   0.0000  -0.0282  -0.0124   -0.246

  Surface # 2     main_wing (YDUP)                        
     # Chordwise = 10   # Spanwise = 25     First strip = 26
     Surface area =    7.861920       Ave. chord =    1.473425
     CLsurf  =  -0.03678     Clsurf  =  -0.00880
     CYsurf  =  -0.00026     Cmsurf  =  -0.00040
     CDsurf  =   0.00035     Cnsurf  =   0.00021
     CDisurf =   0.00035     CDvsurf =   0.00000

  Forces referred to Ssurf, Cave about hinge axis thru LE
     CLsurf  =  -0.07350     CDsurf  =   0.00070
     Deflect =

 Strip Forces referred to Strip Area, Chord
    j      Yle    Chord     Area     c cl      ai      cl_norm  cl       cd       cdv    cm_c/4    cm_LE  C.P.x/c
    26  -0.0062   3.3979   0.0842  -0.1335  -0.0129  -0.0393  -0.0385   0.0232   0.0000  -0.0593   0.0483
    27  -0.0556   3.3815   0.2500  -0.1410  -0.0130  -0.0424  -0.0416   0.0039   0.0000  -0.0598   0.0482
    28  -0.1538   3.3487   0.4083  -0.1408  -0.0122  -0.0428  -0.0420   0.0023   0.0000  -0.0603   0.0486
    29  -0.2990   3.3003   0.5545  -0.1389  -0.0101  -0.0429  -0.0420   0.0016   0.0000  -0.0603   0.0485
    30  -0.4891   3.2370   0.6844  -0.1353  -0.0055  -0.0426  -0.0418   0.0017   0.0000  -0.0590   0.0474
    31  -0.6904   3.0342   0.5705  -0.1360  -0.0103  -0.0455  -0.0448   0.0010   0.0000  -0.0577   0.0402
    32  -0.8923   2.6641   0.5728  -0.1367  -0.0158  -0.0521  -0.0513  -0.0000   0.0000  -0.0591   0.0400   -0.901
    33  -1.1195   2.2475   0.5363  -0.1310  -0.0155  -0.0593  -0.0584  -0.0006   0.0000  -0.0606   0.0398   -0.789
    34  -1.3685   1.7910   0.4629  -0.1179  -0.0126  -0.0669  -0.0659  -0.0011   0.0000  -0.0632   0.0404   -0.709
    35  -1.6551   1.5035   0.4723  -0.0921   0.0046  -0.0746  -0.0613  -0.0009   0.0000  -0.0659   0.0445   -0.824
    36  -1.9763   1.4072   0.4605  -0.0747   0.0099  -0.0647  -0.0531  -0.0009   0.0000  -0.0646   0.0452   -0.965
    37  -2.3081   1.3077   0.4383  -0.0683   0.0094  -0.0636  -0.0523  -0.0004   0.0000  -0.0641   0.0449   -0.976
    38  -2.6452   1.2066   0.4076  -0.0696   0.0072  -0.0702  -0.0577  -0.0004   0.0000  -0.0639   0.0435   -0.857
    39  -2.9824   1.1055   0.3705  -0.0763   0.0042  -0.0840  -0.0691  -0.0003   0.0000  -0.0638   0.0410   -0.674
    40  -3.3142   1.0060   0.3292  -0.0868   0.0005  -0.1051  -0.0864  -0.0001   0.0000  -0.0638   0.0372   -0.489
    41  -3.6354   0.9097   0.2857  -0.0997  -0.0038  -0.1334  -0.1096   0.0001   0.0000  -0.0639   0.0321   -0.333
    42  -3.9410   0.8180   0.2422  -0.1134  -0.0090  -0.1687  -0.1387   0.0004   0.0000  -0.0641   0.0259   -0.212
    43  -4.2262   0.7325   0.2002  -0.1265  -0.0155  -0.2102  -0.1727   0.0009   0.0000  -0.0645   0.0189   -0.124
    44  -4.4865   0.6544   0.1612  -0.1373  -0.0238  -0.2554  -0.2099   0.0016   0.0000  -0.0655   0.0115   -0.062
    45  -4.7177   0.5851   0.1260  -0.1436  -0.0345  -0.2988  -0.2456   0.0025   0.0000  -0.0673   0.0053   -0.024
    46  -4.9163   0.5256   0.0951  -0.1425  -0.0479  -0.3301  -0.2713   0.0031   0.0000  -0.0708   0.0027   -0.011
    47  -5.0790   0.4768   0.0686  -0.1304  -0.0623  -0.3330  -0.2736   0.0027   0.0000  -0.0757   0.0065   -0.027
    48  -5.2034   0.4395   0.0459  -0.1047  -0.0732  -0.2902  -0.2385   0.0004   0.0000  -0.0783   0.0165   -0.078
    49  -5.2874   0.4143   0.0262  -0.0670  -0.0758  -0.1970  -0.1619  -0.0031   0.0000  -0.0667   0.0232   -0.162
    50  -5.3297   0.4016   0.0085  -0.0228  -0.0726  -0.0693  -0.0570  -0.0045   0.0000  -0.0282   0.0124   -0.246

  Surface # 3     vertical_stabilizer                     
     # Chordwise = 10   # Spanwise = 25     First strip = 51
     Surface area =    0.624999       Ave. chord =    1.249999
     CLsurf  =  -0.00000     Clsurf  =  -0.00000
     CYsurf  =  -0.00000     Cmsurf  =   0.00000
     CDsurf  =   0.00000     Cnsurf  =   0.00000
     CDisurf =   0.00000     CDvsurf =   0.00000

  Forces referred to Ssurf, Cave about hinge axis thru LE
     CLsurf  =   0.00000     CDsurf  =   0.00000
     Deflect =

 Strip Forces referred to Strip Area, Chord
    j      Yle    Chord     Area     c cl      ai      cl_norm  cl       cd       cdv    cm_c/4    cm_LE  C.P.x/c
    51   0.0000   1.4980   0.0074   0.0000  -0.0000   0.0000   0.0000   0.0000   0.0000  -0.0000  -0.0000    0.493
    52   0.0000   1.4913   0.0126   0.0000  -0.0000   0.0000   0.0000  -0.0000   0.0000  -0.0000  -0.0000    0.421
    53   0.0000   1.4812   0.0175   0.0000   0.0000   0.0000   0.0000  -0.0000   0.0000  -0.0000  -0.0000    0.429
    54   0.0000   1.4677   0.0222   0.0000   0.0000   0.0000   0.0000   0.0000   0.0000  -0.0000  -0.0000    0.338
    55   0.0000   1.4510   0.0263   0.0000   0.0000   0.0000   0.0000   0.0000   0.0000  -0.0000  -0.0000    0.463
    56   0.0000   1.4314   0.0300   0.0000   0.0000   0.0000   0.0000   0.0000   0.0000  -0.0000  -0.0000    0.455
    57   0.0000   1.4092   0.0331   0.0000  -0.0000   0.0000   0.0000  -0.0000   0.0000  -0.0000  -0.0000    0.501
    58   0.0000   1.3846   0.0355   0.0000  -0.0000   0.0000   0.0000   0.0000   0.0000  -0.0000  -0.0000    0.440
    59   0.0000   1.3579   0.0373   0.0000  -0.0000   0.0000   0.0000  -0.0000   0.0000  -0.0000  -0.0000    0.516
    60   0.0000   1.3297   0.0384   0.0000  -0.0000   0.0000   0.0000  -0.0000   0.0000  -0.0000  -0.0000    0.560
    61   0.0000   1.3003   0.0388   0.0000  -0.0000   0.0000   0.0000   0.0000   0.0000  -0.0000  -0.0000    0.560
    62   0.0000   1.2701   0.0386   0.0000   0.0000   0.0000   0.0000  -0.0000   0.0000  -0.0000  -0.0000    0.512
    63   0.0000   1.2396   0.0378   0.0000  -0.0000   0.0000   0.0000  -0.0000   0.0000  -0.0000  -0.0000    0.547
    64   0.0000   1.2093   0.0364   0.0000  -0.0000   0.0000   0.0000   0.0000   0.0000  -0.0000  -0.0000    0.485
    65   0.0000   1.1795   0.0346   0.0000  -0.0000   0.0000   0.0000   0.0000   0.0000  -0.0000  -0.0000    0.485
    66   0.0000   1.1508   0.0323   0.0000  -0.0000   0.0000   0.0000  -0.0000   0.0000  -0.0000  -0.0000    0.485
    67   0.0000   1.1236   0.0296   0.0000  -0.0000   0.0000   0.0000   0.0000   0.0000  -0.0000  -0.0000    0.365
    68   0.0000   1.0982   0.0267   0.0000  -0.0000   0.0000   0.0000  -0.0000   0.0000  -0.0000  -0.0000    0.347
    69   0.0000   1.0751   0.0235   0.0000  -0.0000   0.0000   0.0000   0.0000   0.0000  -0.0000  -0.0000    0.281
    70   0.0000   1.0546   0.0201   0.0000  -0.0000   0.0000   0.0000   0.0000   0.0000   0.0000   0.0000   -0.117
    71   0.0000   1.0370   0.0166   0.0000  -0.0000   0.0000   0.0000  -0.0000   0.0000   0.0000  -0.0000    0.236
    72   0.0000   1.0226   0.0130   0.0000  -0.0000   0.0000   0.0000  -0.0000   0.0000  -0.0000  -0.0000    0.301
    73   0.0000   1.0116   0.0093   0.0000  -0.0000   0.0000   0.0000  -0.0000   0.0000   0.0000  -0.0000    0.089
    74   0.0000   1.0042   0.0056   0.0000  -0.0000   0.0000   0.0000   0.0000   0.0000  -0.0000  -0.0000    0.284
    75   0.0000   1.0005   0.0019   0.0000  -0.0000   0.0000   0.0000   0.0000   0.0000   0.0000  -0.0000    0.168
 ---------------------------------------------------------------
