 ---------------------------------------------------------------
 Surface and Strip Forces by surface

  Forces referred to Sref, Cref, Bref about Xref, Yref, Zref
 Standard axis orientation,  X fwd, Z down         

  Surface # 1     main_wing                               
     # Chordwise = 10   # Spanwise = 25     First strip =  1
     Surface area =    7.861920       Ave. chord =    1.473425
     CLsurf  =   0.12387     Clsurf  =  -0.02231
     CYsurf  =  -0.00238     Cmsurf  =  -0.16724
     CDsurf  =   0.00157     Cnsurf  =  -0.00012
     CDisurf =   0.00157     CDvsurf =   0.00000

  Forces referred to Ssurf, Cave about hinge axis thru LE
     CLsurf  =   0.24761     CDsurf  =   0.00314
     Deflect =

 Strip Forces referred to Strip Area, Chord
    j      Yle    Chord     Area     c cl      ai      cl_norm  cl       cd       cdv    cm_c/4    cm_LE  C.P.x/c
     1   0.0062   3.3979   0.0842   0.5909   0.0435   0.1771   0.1737   0.0099   0.0000  -0.0658  -0.1066    0.629
     2   0.0556   3.3815   0.2500   0.5818   0.0432   0.1756   0.1721   0.0016   0.0000  -0.0653  -0.1057    0.630
     3   0.1538   3.3487   0.4083   0.5807   0.0437   0.1769   0.1735   0.0012   0.0000  -0.0654  -0.1061    0.627
     4   0.2990   3.3003   0.5545   0.5788   0.0456   0.1790   0.1754   0.0014   0.0000  -0.0649  -0.1061    0.620
     5   0.4891   3.2370   0.6844   0.5736   0.0501   0.1808   0.1773   0.0012   0.0000  -0.0630  -0.1047    0.605
     6   0.6904   3.0342   0.5705   0.5553   0.0407   0.1860   0.1831   0.0019   0.0000  -0.0615  -0.0927    0.586
     7   0.8923   2.6641   0.5728   0.5301   0.0276   0.2022   0.1990   0.0030   0.0000  -0.0632  -0.0977    0.568
     8   1.1195   2.2475   0.5363   0.5036   0.0183   0.2276   0.2240   0.0046   0.0000  -0.0660  -0.1055    0.545
     9   1.3685   1.7910   0.4629   0.4775   0.0049   0.2707   0.2665   0.0080   0.0000  -0.0722  -0.1201    0.521
    10   1.6551   1.5035   0.4723   0.4713   0.0189   0.3816   0.3133   0.0104   0.0000  -0.0787  -0.1382    0.501
    11   1.9763   1.4072   0.4605   0.4653   0.0293   0.4027   0.3306   0.0086   0.0000  -0.0759  -0.1395    0.479
    12   2.3081   1.3077   0.4383   0.4471   0.0300   0.4164   0.3419   0.0067   0.0000  -0.0742  -0.1405    0.467
    13   2.6452   1.2066   0.4076   0.4187   0.0279   0.4228   0.3471   0.0049   0.0000  -0.0733  -0.1408    0.461
    14   2.9824   1.1055   0.3705   0.3824   0.0244   0.4216   0.3460   0.0031   0.0000  -0.0728  -0.1401    0.460
    15   3.3142   1.0060   0.3292   0.3403   0.0200   0.4123   0.3384   0.0013   0.0000  -0.0724  -0.1381    0.464
    16   3.6354   0.9097   0.2857   0.2942   0.0149   0.3943   0.3237  -0.0003   0.0000  -0.0722  -0.1347    0.473
    17   3.9410   0.8180   0.2422   0.2463   0.0092   0.3671   0.3013  -0.0017   0.0000  -0.0721  -0.1296    0.489
    18   4.2262   0.7325   0.2002   0.1984   0.0028   0.3303   0.2711  -0.0028   0.0000  -0.0721  -0.1230    0.516
    19   4.4865   0.6544   0.1612   0.1527  -0.0044   0.2845   0.2336  -0.0035   0.0000  -0.0722  -0.1148    0.559
    20   4.7177   0.5851   0.1260   0.1112  -0.0123   0.2318   0.1903  -0.0039   0.0000  -0.0725  -0.1056    0.631
    21   4.9163   0.5256   0.0951   0.0761  -0.0203   0.1766   0.1450  -0.0039   0.0000  -0.0730  -0.0961    0.754
    22   5.0790   0.4768   0.0686   0.0490  -0.0269   0.1253   0.1029  -0.0037   0.0000  -0.0729  -0.0867    0.959
    23   5.2034   0.4395   0.0459   0.0300  -0.0296   0.0834   0.0685  -0.0037   0.0000  -0.0687  -0.0754    1.253
    24   5.2874   0.4143   0.0262   0.0169  -0.0264   0.0499   0.0409  -0.0037   0.0000  -0.0535  -0.0560    1.557
    25   5.3297   0.4016   0.0085   0.0057  -0.0212   0.0173   0.0142  -0.0027   0.0000  -0.0214  -0.0220    1.760

  Surface # 2     main_wing (YDUP)                        
     # Chordwise = 10   # Spanwise = 25     First strip = 26
     Surface area =    7.861920       Ave. chord =    1.473425
     CLsurf  =   0.12387     Clsurf  =   0.02231
     CYsurf  =   0.00238     Cmsurf  =  -0.16724
     CDsurf  =   0.00157     Cnsurf  =   0.00012
     CDisurf =   0.00157     CDvsurf =   0.00000

  Forces referred to Ssurf, Cave about hinge axis thru LE
     CLsurf  =   0.24761     CDsurf  =   0.00313
     Deflect =

 Strip Forces referred to Strip Area, Chord
    j      Yle    Chord     Area     c cl      ai      cl_norm  cl       cd       cdv    cm_c/4    cm_LE  C.P.x/c
    26  -0.0062   3.3979   0.0842   0.5909   0.0435   0.1771   0.1737   0.0099   0.0000  -0.0658   0.1066    0.629
    27  -0.0556   3.3815   0.2500   0.5818   0.0432   0.1756   0.1721   0.0016   0.0000  -0.0653   0.1057    0.630
    28  -0.1538   3.3487   0.4083   0.5807   0.0437   0.1769   0.1735   0.0012   0.0000  -0.0654   0.1061    0.627
    29  -0.2990   3.3003   0.5545   0.5788   0.0456   0.1790   0.1754   0.0014   0.0000  -0.0649   0.1061    0.620
    30  -0.4891   3.2370   0.6844   0.5736   0.0501   0.1808   0.1773   0.0012   0.0000  -0.0630   0.1047    0.605
    31  -0.6904   3.0342   0.5705   0.5553   0.0407   0.1860   0.1831   0.0019   0.0000  -0.0615   0.0927    0.586
    32  -0.8923   2.6641   0.5728   0.5301   0.0276   0.2022   0.1990   0.0030   0.0000  -0.0632   0.0977    0.568
    33  -1.1195   2.2475   0.5363   0.5036   0.0183   0.2276   0.2240   0.0046   0.0000  -0.0660   0.1055    0.545
    34  -1.3685   1.7910   0.4629   0.4775   0.0049   0.2707   0.2665   0.0080   0.0000  -0.0722   0.1201    0.521
    35  -1.6551   1.5035   0.4723   0.4713   0.0189   0.3816   0.3133   0.0104   0.0000  -0.0787   0.1382    0.501
    36  -1.9763   1.4072   0.4605   0.4653   0.0293   0.4027   0.3306   0.0086   0.0000  -0.0759   0.1395    0.479
    37  -2.3081   1.3077   0.4383   0.4471   0.0300   0.4164   0.3419   0.0067   0.0000  -0.0742   0.1405    0.467
    38  -2.6452   1.2066   0.4076   0.4187   0.0279   0.4228   0.3471   0.0049   0.0000  -0.0733   0.1408    0.461
    39  -2.9824   1.1055   0.3705   0.3824   0.0244   0.4216   0.3460   0.0031   0.0000  -0.0728   0.1401    0.460
    40  -3.3142   1.0060   0.3292   0.3403   0.0200   0.4123   0.3384   0.0014   0.0000  -0.0724   0.1381    0.464
    41  -3.6354   0.9097   0.2857   0.2942   0.0149   0.3943   0.3237  -0.0003   0.0000  -0.0722   0.1347    0.473
    42  -3.9410   0.8180   0.2422   0.2463   0.0092   0.3671   0.3013  -0.0017   0.0000  -0.0721   0.1296    0.489
    43  -4.2262   0.7325   0.2002   0.1984   0.0028   0.3303   0.2711  -0.0028   0.0000  -0.0721   0.1230    0.516
    44  -4.4865   0.6544   0.1612   0.1527  -0.0044   0.2845   0.2336  -0.0035   0.0000  -0.0722   0.1148    0.559
    45  -4.7177   0.5851   0.1260   0.1112  -0.0123   0.2318   0.1903  -0.0039   0.0000  -0.0725   0.1056    0.631
    46  -4.9163   0.5256   0.0951   0.0761  -0.0203   0.1766   0.1450  -0.0039   0.0000  -0.0730   0.0961    0.754
    47  -5.0790   0.4768   0.0686   0.0490  -0.0269   0.1253   0.1029  -0.0037   0.0000  -0.0729   0.0867    0.959
    48  -5.2034   0.4395   0.0459   0.0300  -0.0296   0.0834   0.0685  -0.0037   0.0000  -0.0687   0.0754    1.253
    49  -5.2874   0.4143   0.0262   0.0169  -0.0264   0.0499   0.0409  -0.0037   0.0000  -0.0535   0.0560    1.557
    50  -5.3297   0.4016   0.0085   0.0057  -0.0212   0.0173   0.0142  -0.0027   0.0000  -0.0214   0.0220    1.760

  Surface # 3     vertical_stabilizer                     
     # Chordwise = 10   # Spanwise = 25     First strip = 51
     Surface area =    0.624999       Ave. chord =    1.249999
     CLsurf  =  -0.00000     Clsurf  =   0.00000
     CYsurf  =   0.00000     Cmsurf  =   0.00000
     CDsurf  =  -0.00000     Cnsurf  =  -0.00000
     CDisurf =  -0.00000     CDvsurf =   0.00000

  Forces referred to Ssurf, Cave about hinge axis thru LE
     CLsurf  =  -0.00000     CDsurf  =  -0.00000
     Deflect =

 Strip Forces referred to Strip Area, Chord
    j      Yle    Chord     Area     c cl      ai      cl_norm  cl       cd       cdv    cm_c/4    cm_LE  C.P.x/c
    51   0.0000   1.4980   0.0074  -0.0000  -0.0000  -0.0000  -0.0000  -0.0000   0.0000  -0.0000  -0.0000   -0.310
    52   0.0000   1.4913   0.0126  -0.0000  -0.0000  -0.0000  -0.0000   0.0000   0.0000  -0.0000  -0.0000   -0.412
    53   0.0000   1.4812   0.0175  -0.0000   0.0000  -0.0000  -0.0000  -0.0000   0.0000  -0.0000  -0.0000   -0.383
    54   0.0000   1.4677   0.0222  -0.0000  -0.0000  -0.0000  -0.0000  -0.0000   0.0000  -0.0000  -0.0000   -0.326
    55   0.0000   1.4510   0.0263  -0.0000  -0.0000  -0.0000  -0.0000   0.0000   0.0000  -0.0000   0.0000    0.020
    56   0.0000   1.4314   0.0300  -0.0000   0.0000  -0.0000  -0.0000  -0.0000   0.0000  -0.0000   0.0000    0.037
    57   0.0000   1.4092   0.0331  -0.0000   0.0000  -0.0000  -0.0000   0.0000   0.0000  -0.0000  -0.0000   -0.309
    58   0.0000   1.3846   0.0355  -0.0000   0.0000  -0.0000  -0.0000  -0.0000   0.0000  -0.0000  -0.0000   -0.564
    59   0.0000   1.3579   0.0373  -0.0000   0.0000  -0.0000  -0.0000   0.0000   0.0000  -0.0000   0.0000    0.163
    60   0.0000   1.3297   0.0384  -0.0000   0.0000  -0.0000  -0.0000   0.0000   0.0000  -0.0000  -0.0000   -0.072
    61   0.0000   1.3003   0.0388  -0.0000   0.0000  -0.0000  -0.0000  -0.0000   0.0000   0.0000   0.0000    0.254
    62   0.0000   1.2701   0.0386  -0.0000   0.0000  -0.0000  -0.0000  -0.0000   0.0000  -0.0000   0.0000    0.249
    63   0.0000   1.2396   0.0378  -0.0000   0.0000  -0.0000  -0.0000  -0.0000   0.0000   0.0000   0.0000    0.282
    64   0.0000   1.2093   0.0364  -0.0000   0.0000  -0.0000  -0.0000   0.0000   0.0000   0.0000   0.0000    0.507
    65   0.0000   1.1795   0.0346  -0.0000   0.0000  -0.0000  -0.0000  -0.0000   0.0000   0.0000   0.0000    0.508
    66   0.0000   1.1508   0.0323  -0.0000   0.0000  -0.0000  -0.0000  -0.0000   0.0000   0.0000   0.0000    0.471
    67   0.0000   1.1236   0.0296  -0.0000   0.0000  -0.0000  -0.0000  -0.0000   0.0000   0.0000   0.0000    0.490
    68   0.0000   1.0982   0.0267  -0.0000   0.0000  -0.0000  -0.0000   0.0000   0.0000   0.0000   0.0000    0.309
    69   0.0000   1.0751   0.0235  -0.0000   0.0000  -0.0000  -0.0000  -0.0000   0.0000   0.0000   0.0000    0.392
    70   0.0000   1.0546   0.0201  -0.0000   0.0000  -0.0000  -0.0000  -0.0000   0.0000   0.0000   0.0000    0.401
    71   0.0000   1.0370   0.0166  -0.0000  -0.0000  -0.0000  -0.0000   0.0000   0.0000  -0.0000   0.0000    0.188
    72   0.0000   1.0226   0.0130  -0.0000   0.0000  -0.0000  -0.0000   0.0000   0.0000  -0.0000   0.0000    0.010
    73   0.0000   1.0116   0.0093  -0.0000  -0.0000  -0.0000  -0.0000   0.0000   0.0000  -0.0000   0.0000    0.119
    74   0.0000   1.0042   0.0056  -0.0000   0.0000  -0.0000  -0.0000  -0.0000   0.0000   0.0000   0.0000    0.263
    75   0.0000   1.0005   0.0019  -0.0000   0.0000  -0.0000  -0.0000  -0.0000   0.0000  -0.0000   0.0000    0.009
 ---------------------------------------------------------------
