 ---------------------------------------------------------------
 Surface and Strip Forces by surface

  Forces referred to Sref, Cref, Bref about Xref, Yref, Zref
 Standard axis orientation,  X fwd, Z down         

  Surface # 1     main_wing                               
     # Chordwise = 10   # Spanwise = 25     First strip =  1
     Surface area =    7.861920       Ave. chord =    1.473425
     CLsurf  =   0.22900     Clsurf  =  -0.04244
     CYsurf  =  -0.00546     Cmsurf  =  -0.26826
     CDsurf  =   0.00508     Cnsurf  =  -0.00199
     CDisurf =   0.00508     CDvsurf =   0.00000

  Forces referred to Ssurf, Cave about hinge axis thru LE
     CLsurf  =   0.45781     CDsurf  =   0.01015
     Deflect =

 Strip Forces referred to Strip Area, Chord
    j      Yle    Chord     Area     c cl      ai      cl_norm  cl       cd       cdv    cm_c/4    cm_LE  C.P.x/c
     1   0.0062   3.3979   0.0842   1.0709   0.0794   0.3199   0.3136   0.0317   0.0000  -0.0598  -0.1353    0.441
     2   0.0556   3.3815   0.2500   1.0554   0.0789   0.3186   0.3123   0.0114   0.0000  -0.0591  -0.1339    0.439
     3   0.1538   3.3487   0.4083   1.0531   0.0792   0.3211   0.3148   0.0106   0.0000  -0.0588  -0.1342    0.437
     4   0.2990   3.3003   0.5545   1.0491   0.0811   0.3246   0.3181   0.0108   0.0000  -0.0580  -0.1342    0.432
     5   0.4891   3.2370   0.6844   1.0390   0.0859   0.3277   0.3213   0.0109   0.0000  -0.0560  -0.1331    0.424
     6   0.6904   3.0342   0.5705   1.0124   0.0750   0.3392   0.3339   0.0118   0.0000  -0.0548  -0.1196    0.414
     7   0.8923   2.6641   0.5728   0.9731   0.0583   0.3713   0.3655   0.0135   0.0000  -0.0563  -0.1278    0.404
     8   1.1195   2.2475   0.5363   0.9268   0.0437   0.4192   0.4126   0.0157   0.0000  -0.0591  -0.1404    0.393
     9   1.3685   1.7910   0.4629   0.8753   0.0208   0.4966   0.4888   0.0203   0.0000  -0.0659  -0.1629    0.385
    10   1.6551   1.5035   0.4723   0.8431   0.0296   0.6830   0.5609   0.0221   0.0000  -0.0725  -0.1873    0.379
    11   1.9763   1.4072   0.4605   0.8178   0.0415   0.7085   0.5819   0.0176   0.0000  -0.0690  -0.1887    0.369
    12   2.3081   1.3077   0.4383   0.7802   0.0424   0.7277   0.5977   0.0137   0.0000  -0.0671  -0.1905    0.362
    13   2.6452   1.2066   0.4076   0.7320   0.0399   0.7404   0.6081   0.0099   0.0000  -0.0661  -0.1918    0.359
    14   2.9824   1.1055   0.3705   0.6753   0.0359   0.7459   0.6126   0.0062   0.0000  -0.0656  -0.1923    0.357
    15   3.3142   1.0060   0.3292   0.6123   0.0310   0.7436   0.6107   0.0026   0.0000  -0.0653  -0.1915    0.357
    16   3.6354   0.9097   0.2857   0.5451   0.0257   0.7325   0.6016  -0.0007   0.0000  -0.0650  -0.1892    0.358
    17   3.9410   0.8180   0.2422   0.4761   0.0200   0.7118   0.5846  -0.0038   0.0000  -0.0648  -0.1852    0.361
    18   4.2262   0.7325   0.2002   0.4073   0.0142   0.6802   0.5587  -0.0065   0.0000  -0.0644  -0.1792    0.365
    19   4.4865   0.6544   0.1612   0.3406   0.0084   0.6371   0.5232  -0.0087   0.0000  -0.0639  -0.1709    0.372
    20   4.7177   0.5851   0.1260   0.2778   0.0032   0.5815   0.4776  -0.0103   0.0000  -0.0630  -0.1601    0.382
    21   4.9163   0.5256   0.0951   0.2201  -0.0006   0.5131   0.4214  -0.0110   0.0000  -0.0614  -0.1462    0.396
    22   5.0790   0.4768   0.0686   0.1677  -0.0020   0.4310   0.3540  -0.0107   0.0000  -0.0579  -0.1284    0.414
    23   5.2034   0.4395   0.0459   0.1194   0.0007   0.3331   0.2736  -0.0093   0.0000  -0.0508  -0.1045    0.436
    24   5.2874   0.4143   0.0262   0.0728   0.0083   0.2153   0.1769  -0.0065   0.0000  -0.0370  -0.0712    0.459
    25   5.3297   0.4016   0.0085   0.0247   0.0167   0.0756   0.0621  -0.0029   0.0000  -0.0144  -0.0262    0.481

  Surface # 2     main_wing (YDUP)                        
     # Chordwise = 10   # Spanwise = 25     First strip = 26
     Surface area =    7.861920       Ave. chord =    1.473425
     CLsurf  =   0.22900     Clsurf  =   0.04244
     CYsurf  =   0.00546     Cmsurf  =  -0.26826
     CDsurf  =   0.00507     Cnsurf  =   0.00199
     CDisurf =   0.00507     CDvsurf =   0.00000

  Forces referred to Ssurf, Cave about hinge axis thru LE
     CLsurf  =   0.45781     CDsurf  =   0.01014
     Deflect =

 Strip Forces referred to Strip Area, Chord
    j      Yle    Chord     Area     c cl      ai      cl_norm  cl       cd       cdv    cm_c/4    cm_LE  C.P.x/c
    26  -0.0062   3.3979   0.0842   1.0709   0.0794   0.3199   0.3136   0.0317   0.0000  -0.0598   0.1353    0.441
    27  -0.0556   3.3815   0.2500   1.0554   0.0789   0.3186   0.3123   0.0114   0.0000  -0.0591   0.1339    0.439
    28  -0.1538   3.3487   0.4083   1.0531   0.0792   0.3211   0.3148   0.0106   0.0000  -0.0588   0.1342    0.437
    29  -0.2990   3.3003   0.5545   1.0491   0.0811   0.3246   0.3181   0.0108   0.0000  -0.0580   0.1342    0.432
    30  -0.4891   3.2370   0.6844   1.0390   0.0859   0.3277   0.3213   0.0109   0.0000  -0.0560   0.1331    0.424
    31  -0.6904   3.0342   0.5705   1.0124   0.0750   0.3392   0.3339   0.0118   0.0000  -0.0548   0.1196    0.414
    32  -0.8923   2.6641   0.5728   0.9731   0.0583   0.3713   0.3655   0.0135   0.0000  -0.0563   0.1278    0.404
    33  -1.1195   2.2475   0.5363   0.9268   0.0437   0.4192   0.4126   0.0157   0.0000  -0.0591   0.1404    0.393
    34  -1.3685   1.7910   0.4629   0.8753   0.0208   0.4966   0.4888   0.0203   0.0000  -0.0659   0.1629    0.385
    35  -1.6551   1.5035   0.4723   0.8431   0.0296   0.6830   0.5609   0.0221   0.0000  -0.0725   0.1873    0.379
    36  -1.9763   1.4072   0.4605   0.8178   0.0415   0.7085   0.5819   0.0176   0.0000  -0.0690   0.1887    0.369
    37  -2.3081   1.3077   0.4383   0.7802   0.0424   0.7277   0.5977   0.0136   0.0000  -0.0671   0.1905    0.362
    38  -2.6452   1.2066   0.4076   0.7320   0.0399   0.7404   0.6081   0.0099   0.0000  -0.0661   0.1918    0.359
    39  -2.9824   1.1055   0.3705   0.6753   0.0359   0.7459   0.6126   0.0062   0.0000  -0.0656   0.1923    0.357
    40  -3.3142   1.0060   0.3292   0.6123   0.0310   0.7436   0.6107   0.0026   0.0000  -0.0653   0.1915    0.357
    41  -3.6354   0.9097   0.2857   0.5451   0.0257   0.7325   0.6016  -0.0007   0.0000  -0.0650   0.1892    0.358
    42  -3.9410   0.8180   0.2422   0.4761   0.0200   0.7118   0.5846  -0.0038   0.0000  -0.0648   0.1852    0.361
    43  -4.2262   0.7325   0.2002   0.4073   0.0142   0.6802   0.5587  -0.0065   0.0000  -0.0644   0.1792    0.365
    44  -4.4865   0.6544   0.1612   0.3406   0.0084   0.6371   0.5232  -0.0087   0.0000  -0.0639   0.1709    0.372
    45  -4.7177   0.5851   0.1260   0.2778   0.0032   0.5815   0.4776  -0.0103   0.0000  -0.0630   0.1601    0.382
    46  -4.9163   0.5256   0.0951   0.2201  -0.0006   0.5131   0.4214  -0.0110   0.0000  -0.0614   0.1462    0.396
    47  -5.0790   0.4768   0.0686   0.1677  -0.0020   0.4310   0.3540  -0.0107   0.0000  -0.0579   0.1284    0.414
    48  -5.2034   0.4395   0.0459   0.1194   0.0007   0.3331   0.2736  -0.0093   0.0000  -0.0508   0.1045    0.436
    49  -5.2874   0.4143   0.0262   0.0728   0.0083   0.2153   0.1769  -0.0065   0.0000  -0.0370   0.0712    0.459
    50  -5.3297   0.4016   0.0085   0.0247   0.0167   0.0756   0.0621  -0.0029   0.0000  -0.0144   0.0262    0.481

  Surface # 3     vertical_stabilizer                     
     # Chordwise = 10   # Spanwise = 25     First strip = 51
     Surface area =    0.624999       Ave. chord =    1.249999
     CLsurf  =   0.00000     Clsurf  =   0.00000
     CYsurf  =   0.00000     Cmsurf  =  -0.00000
     CDsurf  =  -0.00000     Cnsurf  =  -0.00000
     CDisurf =  -0.00000     CDvsurf =   0.00000

  Forces referred to Ssurf, Cave about hinge axis thru LE
     CLsurf  =  -0.00000     CDsurf  =  -0.00000
     Deflect =

 Strip Forces referred to Strip Area, Chord
    j      Yle    Chord     Area     c cl      ai      cl_norm  cl       cd       cdv    cm_c/4    cm_LE  C.P.x/c
    51   0.0000   1.4980   0.0074  -0.0000   0.0000  -0.0000  -0.0000  -0.0000   0.0000   0.0000   0.0000    0.356
    52   0.0000   1.4913   0.0126  -0.0000  -0.0000  -0.0000  -0.0000  -0.0000   0.0000   0.0000   0.0000    0.369
    53   0.0000   1.4812   0.0175  -0.0000  -0.0000  -0.0000  -0.0000   0.0000   0.0000   0.0000   0.0000    0.327
    54   0.0000   1.4677   0.0222  -0.0000   0.0000  -0.0000  -0.0000  -0.0000   0.0000  -0.0000   0.0000    0.240
    55   0.0000   1.4510   0.0263  -0.0000  -0.0000  -0.0000  -0.0000  -0.0000   0.0000  -0.0000   0.0000    0.229
    56   0.0000   1.4314   0.0300  -0.0000  -0.0000  -0.0000  -0.0000  -0.0000   0.0000  -0.0000   0.0000    0.235
    57   0.0000   1.4092   0.0331  -0.0000  -0.0000  -0.0000  -0.0000  -0.0000   0.0000  -0.0000   0.0000    0.196
    58   0.0000   1.3846   0.0355  -0.0000   0.0000  -0.0000  -0.0000   0.0000   0.0000  -0.0000   0.0000    0.151
    59   0.0000   1.3579   0.0373  -0.0000   0.0000  -0.0000  -0.0000  -0.0000   0.0000  -0.0000   0.0000    0.214
    60   0.0000   1.3297   0.0384  -0.0000   0.0000  -0.0000  -0.0000  -0.0000   0.0000  -0.0000   0.0000    0.124
    61   0.0000   1.3003   0.0388  -0.0000   0.0000  -0.0000  -0.0000   0.0000   0.0000  -0.0000   0.0000    0.182
    62   0.0000   1.2701   0.0386  -0.0000   0.0000  -0.0000  -0.0000  -0.0000   0.0000  -0.0000   0.0000    0.244
    63   0.0000   1.2396   0.0378  -0.0000   0.0000  -0.0000  -0.0000  -0.0000   0.0000  -0.0000   0.0000    0.080
    64   0.0000   1.2093   0.0364  -0.0000   0.0000  -0.0000  -0.0000  -0.0000   0.0000  -0.0000   0.0000    0.199
    65   0.0000   1.1795   0.0346  -0.0000   0.0000  -0.0000  -0.0000  -0.0000   0.0000  -0.0000   0.0000    0.231
    66   0.0000   1.1508   0.0323  -0.0000   0.0000  -0.0000  -0.0000  -0.0000   0.0000  -0.0000   0.0000    0.029
    67   0.0000   1.1236   0.0296  -0.0000   0.0000  -0.0000  -0.0000  -0.0000   0.0000  -0.0000   0.0000    0.162
    68   0.0000   1.0982   0.0267  -0.0000   0.0000  -0.0000  -0.0000   0.0000   0.0000  -0.0000   0.0000    0.005
    69   0.0000   1.0751   0.0235  -0.0000   0.0000  -0.0000  -0.0000   0.0000   0.0000  -0.0000   0.0000    0.097
    70   0.0000   1.0546   0.0201  -0.0000   0.0000  -0.0000  -0.0000   0.0000   0.0000  -0.0000   0.0000    0.125
    71   0.0000   1.0370   0.0166  -0.0000   0.0000  -0.0000  -0.0000  -0.0000   0.0000   0.0000   0.0000    0.301
    72   0.0000   1.0226   0.0130  -0.0000   0.0000  -0.0000  -0.0000  -0.0000   0.0000   0.0000   0.0000    0.254
    73   0.0000   1.0116   0.0093  -0.0000   0.0000  -0.0000  -0.0000  -0.0000   0.0000  -0.0000   0.0000    0.221
    74   0.0000   1.0042   0.0056  -0.0000   0.0000  -0.0000  -0.0000  -0.0000   0.0000   0.0000   0.0000    0.254
    75   0.0000   1.0005   0.0019  -0.0000   0.0000  -0.0000  -0.0000  -0.0000   0.0000  -0.0000   0.0000    0.248
 ---------------------------------------------------------------
