 ---------------------------------------------------------------
 Surface and Strip Forces by surface

  Forces referred to Sref, Cref, Bref about Xref, Yref, Zref
 Standard axis orientation,  X fwd, Z down         

  Surface # 1     main_wing                               
     # Chordwise = 10   # Spanwise = 25     First strip =  1
     Surface area =    7.861920       Ave. chord =    1.473425
     CLsurf  =   0.40144     Clsurf  =  -0.07488
     CYsurf  =  -0.01297     Cmsurf  =  -0.43627
     CDsurf  =   0.01555     Cnsurf  =  -0.00846
     CDisurf =   0.01555     CDvsurf =   0.00000

  Forces referred to Ssurf, Cave about hinge axis thru LE
     CLsurf  =   0.80267     CDsurf  =   0.03107
     Deflect =

 Strip Forces referred to Strip Area, Chord
    j      Yle    Chord     Area     c cl      ai      cl_norm  cl       cd       cdv    cm_c/4    cm_LE  C.P.x/c
     1   0.0062   3.3979   0.0842   1.8730   0.1412   0.5476   0.5368   0.1299   0.0000  -0.0550  -0.1883    0.352
     2   0.0556   3.3815   0.2500   1.8305   0.1403   0.5521   0.5412   0.0478   0.0000  -0.0542  -0.1851    0.350
     3   0.1538   3.3487   0.4083   1.8251   0.1404   0.5568   0.5458   0.0434   0.0000  -0.0535  -0.1854    0.348
     4   0.2990   3.3003   0.5545   1.8168   0.1421   0.5625   0.5514   0.0429   0.0000  -0.0521  -0.1854    0.345
     5   0.4891   3.2370   0.6844   1.7976   0.1473   0.5676   0.5563   0.0428   0.0000  -0.0499  -0.1844    0.340
     6   0.6904   3.0342   0.5705   1.7575   0.1327   0.5898   0.5805   0.0434   0.0000  -0.0495  -0.1686    0.335
     7   0.8923   2.6641   0.5728   1.6930   0.1089   0.6476   0.6374   0.0446   0.0000  -0.0509  -0.1820    0.330
     8   1.1195   2.2475   0.5363   1.6124   0.0845   0.7318   0.7202   0.0465   0.0000  -0.0543  -0.2028    0.325
     9   1.3685   1.7910   0.4629   1.5176   0.0444   0.8650   0.8513   0.0511   0.0000  -0.0634  -0.2389    0.324
    10   1.6551   1.5035   0.4723   1.4414   0.0460   1.1707   0.9649   0.0488   0.0000  -0.0702  -0.2735    0.323
    11   1.9763   1.4072   0.4605   1.3862   0.0615   1.2054   0.9935   0.0386   0.0000  -0.0654  -0.2751    0.316
    12   2.3081   1.3077   0.4383   1.3180   0.0629   1.2354   1.0182   0.0296   0.0000  -0.0630  -0.2780    0.312
    13   2.6452   1.2066   0.4076   1.2384   0.0600   1.2600   1.0385   0.0214   0.0000  -0.0617  -0.2810    0.309
    14   2.9824   1.1055   0.3705   1.1489   0.0553   1.2775   1.0529   0.0135   0.0000  -0.0610  -0.2832    0.308
    15   3.3142   1.0060   0.3292   1.0521   0.0497   1.2872   1.0609   0.0059   0.0000  -0.0606  -0.2842    0.307
    16   3.6354   0.9097   0.2857   0.9505   0.0437   1.2876   1.0613  -0.0015   0.0000  -0.0602  -0.2837    0.307
    17   3.9410   0.8180   0.2422   0.8468   0.0378   1.2772   1.0527  -0.0084   0.0000  -0.0597  -0.2812    0.307
    18   4.2262   0.7325   0.2002   0.7434   0.0326   1.2536   1.0333  -0.0148   0.0000  -0.0590  -0.2760    0.307
    19   4.4865   0.6544   0.1612   0.6424   0.0288   1.2137   1.0003  -0.0203   0.0000  -0.0576  -0.2675    0.308
    20   4.7177   0.5851   0.1260   0.5449   0.0276   1.1527   0.9501  -0.0245   0.0000  -0.0551  -0.2542    0.308
    21   4.9163   0.5256   0.0951   0.4510   0.0305   1.0629   0.8761  -0.0269   0.0000  -0.0505  -0.2339    0.308
    22   5.0790   0.4768   0.0686   0.3584   0.0385   0.9319   0.7681  -0.0269   0.0000  -0.0420  -0.2030    0.305
    23   5.2034   0.4395   0.0459   0.2635   0.0511   0.7439   0.6131  -0.0238   0.0000  -0.0292  -0.1582    0.298
    24   5.2874   0.4143   0.0262   0.1630   0.0664   0.4883   0.4024  -0.0169   0.0000  -0.0151  -0.1002    0.288
    25   5.3297   0.4016   0.0085   0.0555   0.0794   0.1719   0.1417  -0.0076   0.0000  -0.0044  -0.0344    0.281

  Surface # 2     main_wing (YDUP)                        
     # Chordwise = 10   # Spanwise = 25     First strip = 26
     Surface area =    7.861920       Ave. chord =    1.473425
     CLsurf  =   0.40145     Clsurf  =   0.07488
     CYsurf  =   0.01297     Cmsurf  =  -0.43627
     CDsurf  =   0.01553     Cnsurf  =   0.00846
     CDisurf =   0.01553     CDvsurf =   0.00000

  Forces referred to Ssurf, Cave about hinge axis thru LE
     CLsurf  =   0.80268     CDsurf  =   0.03105
     Deflect =

 Strip Forces referred to Strip Area, Chord
    j      Yle    Chord     Area     c cl      ai      cl_norm  cl       cd       cdv    cm_c/4    cm_LE  C.P.x/c
    26  -0.0062   3.3979   0.0842   1.8730   0.1412   0.5476   0.5368   0.1299   0.0000  -0.0550   0.1883    0.352
    27  -0.0556   3.3815   0.2500   1.8305   0.1403   0.5521   0.5412   0.0478   0.0000  -0.0542   0.1851    0.350
    28  -0.1538   3.3487   0.4083   1.8251   0.1404   0.5568   0.5458   0.0434   0.0000  -0.0535   0.1854    0.348
    29  -0.2990   3.3003   0.5545   1.8168   0.1421   0.5625   0.5514   0.0429   0.0000  -0.0521   0.1854    0.345
    30  -0.4891   3.2370   0.6844   1.7976   0.1473   0.5676   0.5563   0.0428   0.0000  -0.0499   0.1844    0.340
    31  -0.6904   3.0342   0.5705   1.7575   0.1327   0.5898   0.5805   0.0434   0.0000  -0.0495   0.1686    0.335
    32  -0.8923   2.6641   0.5728   1.6930   0.1089   0.6476   0.6374   0.0446   0.0000  -0.0509   0.1820    0.330
    33  -1.1195   2.2475   0.5363   1.6124   0.0845   0.7318   0.7202   0.0465   0.0000  -0.0543   0.2028    0.325
    34  -1.3685   1.7910   0.4629   1.5176   0.0444   0.8650   0.8513   0.0511   0.0000  -0.0634   0.2389    0.324
    35  -1.6551   1.5035   0.4723   1.4417   0.0460   1.1709   0.9651   0.0488   0.0000  -0.0702   0.2735    0.323
    36  -1.9763   1.4072   0.4605   1.3862   0.0615   1.2054   0.9935   0.0385   0.0000  -0.0654   0.2751    0.316
    37  -2.3081   1.3077   0.4383   1.3180   0.0629   1.2354   1.0182   0.0297   0.0000  -0.0630   0.2780    0.312
    38  -2.6452   1.2066   0.4076   1.2384   0.0600   1.2600   1.0385   0.0212   0.0000  -0.0617   0.2809    0.309
    39  -2.9824   1.1055   0.3705   1.1489   0.0553   1.2775   1.0529   0.0133   0.0000  -0.0610   0.2832    0.308
    40  -3.3142   1.0060   0.3292   1.0521   0.0497   1.2872   1.0610   0.0057   0.0000  -0.0606   0.2842    0.307
    41  -3.6354   0.9097   0.2857   0.9505   0.0437   1.2876   1.0613  -0.0014   0.0000  -0.0602   0.2837    0.307
    42  -3.9410   0.8180   0.2422   0.8468   0.0378   1.2772   1.0527  -0.0084   0.0000  -0.0597   0.2812    0.307
    43  -4.2262   0.7325   0.2002   0.7434   0.0326   1.2536   1.0333  -0.0148   0.0000  -0.0590   0.2760    0.307
    44  -4.4865   0.6544   0.1612   0.6424   0.0288   1.2137   1.0003  -0.0203   0.0000  -0.0576   0.2675    0.308
    45  -4.7177   0.5851   0.1260   0.5449   0.0276   1.1527   0.9501  -0.0245   0.0000  -0.0551   0.2542    0.308
    46  -4.9163   0.5256   0.0951   0.4510   0.0305   1.0629   0.8761  -0.0269   0.0000  -0.0505   0.2339    0.308
    47  -5.0790   0.4768   0.0686   0.3584   0.0385   0.9319   0.7681  -0.0269   0.0000  -0.0420   0.2030    0.305
    48  -5.2034   0.4395   0.0459   0.2635   0.0511   0.7439   0.6131  -0.0238   0.0000  -0.0292   0.1582    0.298
    49  -5.2874   0.4143   0.0262   0.1630   0.0664   0.4883   0.4024  -0.0169   0.0000  -0.0151   0.1002    0.288
    50  -5.3297   0.4016   0.0085   0.0555   0.0794   0.1719   0.1417  -0.0076   0.0000  -0.0044   0.0344    0.281

  Surface # 3     vertical_stabilizer                     
     # Chordwise = 10   # Spanwise = 25     First strip = 51
     Surface area =    0.624999       Ave. chord =    1.249999
     CLsurf  =  -0.00000     Clsurf  =   0.00000
     CYsurf  =   0.00000     Cmsurf  =   0.00000
     CDsurf  =  -0.00000     Cnsurf  =  -0.00000
     CDisurf =  -0.00000     CDvsurf =   0.00000

  Forces referred to Ssurf, Cave about hinge axis thru LE
     CLsurf  =  -0.00000     CDsurf  =  -0.00000
     Deflect =

 Strip Forces referred to Strip Area, Chord
    j      Yle    Chord     Area     c cl      ai      cl_norm  cl       cd       cdv    cm_c/4    cm_LE  C.P.x/c
    51   0.0000   1.4980   0.0074   0.0000   0.0000   0.0000   0.0000   0.0000   0.0000  -0.0000  -0.0000    1.140
    52   0.0000   1.4913   0.0126   0.0000  -0.0000   0.0000   0.0000   0.0000   0.0000  -0.0000  -0.0000    1.273
    53   0.0000   1.4812   0.0175   0.0000   0.0000   0.0000   0.0000  -0.0000   0.0000  -0.0000  -0.0000    1.171
    54   0.0000   1.4677   0.0222   0.0000   0.0000   0.0000   0.0000  -0.0000   0.0000  -0.0000  -0.0000    1.718
    55   0.0000   1.4510   0.0263   0.0000  -0.0000   0.0000   0.0000  -0.0000   0.0000  -0.0000  -0.0000
    56   0.0000   1.4314   0.0300  -0.0000   0.0000  -0.0000  -0.0000   0.0000   0.0000   0.0000   0.0000    0.392
    57   0.0000   1.4092   0.0331  -0.0000  -0.0000  -0.0000  -0.0000  -0.0000   0.0000   0.0000   0.0000    0.515
    58   0.0000   1.3846   0.0355  -0.0000   0.0000  -0.0000  -0.0000   0.0000   0.0000   0.0000   0.0000    0.422
    59   0.0000   1.3579   0.0373  -0.0000   0.0000  -0.0000  -0.0000  -0.0000   0.0000   0.0000   0.0000    0.479
    60   0.0000   1.3297   0.0384  -0.0000   0.0000  -0.0000  -0.0000   0.0000   0.0000   0.0000   0.0000    0.627
    61   0.0000   1.3003   0.0388  -0.0000   0.0000  -0.0000  -0.0000  -0.0000   0.0000   0.0000   0.0000    0.878
    62   0.0000   1.2701   0.0386  -0.0000   0.0000  -0.0000  -0.0000  -0.0000   0.0000   0.0000   0.0000    0.978
    63   0.0000   1.2396   0.0378  -0.0000   0.0000  -0.0000  -0.0000   0.0000   0.0000   0.0000   0.0000    0.825
    64   0.0000   1.2093   0.0364  -0.0000   0.0000  -0.0000  -0.0000   0.0000   0.0000   0.0000   0.0000    0.774
    65   0.0000   1.1795   0.0346  -0.0000   0.0000  -0.0000  -0.0000  -0.0000   0.0000   0.0000   0.0000    0.624
    66   0.0000   1.1508   0.0323  -0.0000   0.0000  -0.0000  -0.0000   0.0000   0.0000   0.0000   0.0000    0.841
    67   0.0000   1.1236   0.0296  -0.0000   0.0000  -0.0000  -0.0000   0.0000   0.0000   0.0000   0.0000    0.913
    68   0.0000   1.0982   0.0267  -0.0000   0.0000  -0.0000  -0.0000   0.0000   0.0000   0.0000   0.0000    0.843
    69   0.0000   1.0751   0.0235  -0.0000   0.0000  -0.0000  -0.0000  -0.0000   0.0000   0.0000   0.0000    0.802
    70   0.0000   1.0546   0.0201  -0.0000   0.0000  -0.0000  -0.0000  -0.0000   0.0000  -0.0000  -0.0000   -0.366
    71   0.0000   1.0370   0.0166   0.0000   0.0000   0.0000   0.0000   0.0000   0.0000  -0.0000  -0.0000
    72   0.0000   1.0226   0.0130   0.0000   0.0000   0.0000   0.0000   0.0000   0.0000  -0.0000  -0.0000
    73   0.0000   1.0116   0.0093   0.0000   0.0000   0.0000   0.0000  -0.0000   0.0000  -0.0000  -0.0000    1.790
    74   0.0000   1.0042   0.0056   0.0000  -0.0000   0.0000   0.0000  -0.0000   0.0000  -0.0000  -0.0000    1.272
    75   0.0000   1.0005   0.0019   0.0000   0.0000   0.0000   0.0000   0.0000   0.0000  -0.0000  -0.0000    1.555
 ---------------------------------------------------------------
