 ---------------------------------------------------------------
 Surface and Strip Forces by surface

  Forces referred to Sref, Cref, Bref about Xref, Yref, Zref
 Standard axis orientation,  X fwd, Z down         

  Surface # 1     main_wing                               
     # Chordwise = 10   # Spanwise = 25     First strip =  1
     Surface area =    7.861920       Ave. chord =    1.473425
     CLsurf  =   0.11110     Clsurf  =  -0.01972
     CYsurf  =  -0.00212     Cmsurf  =  -0.14811
     CDsurf  =   0.00129     Cnsurf  =  -0.00011
     CDisurf =   0.00129     CDvsurf =   0.00000

  Forces referred to Ssurf, Cave about hinge axis thru LE
     CLsurf  =   0.22209     CDsurf  =   0.00257
     Deflect =

 Strip Forces referred to Strip Area, Chord
    j      Yle    Chord     Area     c cl      ai      cl_norm  cl       cd       cdv    cm_c/4    cm_LE  C.P.x/c
     1   0.0062   3.3979   0.0842   0.5329   0.0385   0.1599   0.1567   0.0064   0.0000  -0.0582  -0.0950    0.621
     2   0.0556   3.3815   0.2500   0.5269   0.0382   0.1590   0.1559   0.0012   0.0000  -0.0579  -0.0945    0.621
     3   0.1538   3.3487   0.4083   0.5261   0.0387   0.1603   0.1572   0.0010   0.0000  -0.0579  -0.0949    0.619
     4   0.2990   3.3003   0.5545   0.5249   0.0407   0.1623   0.1591   0.0012   0.0000  -0.0575  -0.0949    0.611
     5   0.4891   3.2370   0.6844   0.5211   0.0455   0.1643   0.1610   0.0012   0.0000  -0.0558  -0.0938    0.597
     6   0.6904   3.0342   0.5705   0.5055   0.0376   0.1693   0.1666   0.0017   0.0000  -0.0544  -0.0831    0.577
     7   0.8923   2.6641   0.5728   0.4835   0.0260   0.1844   0.1815   0.0026   0.0000  -0.0558  -0.0875    0.557
     8   1.1195   2.2475   0.5363   0.4602   0.0181   0.2080   0.2048   0.0039   0.0000  -0.0578  -0.0943    0.532
     9   1.3685   1.7910   0.4629   0.4371   0.0068   0.2478   0.2440   0.0067   0.0000  -0.0625  -0.1068    0.506
    10   1.6551   1.5035   0.4723   0.4303   0.0187   0.3485   0.2861   0.0087   0.0000  -0.0673  -0.1222    0.485
    11   1.9763   1.4072   0.4605   0.4229   0.0274   0.3661   0.3005   0.0069   0.0000  -0.0649  -0.1232    0.466
    12   2.3081   1.3077   0.4383   0.4041   0.0274   0.3765   0.3090   0.0053   0.0000  -0.0637  -0.1240    0.456
    13   2.6452   1.2066   0.4076   0.3761   0.0250   0.3798   0.3118   0.0037   0.0000  -0.0632  -0.1241    0.453
    14   2.9824   1.1055   0.3705   0.3411   0.0214   0.3760   0.3087   0.0023   0.0000  -0.0629  -0.1232    0.454
    15   3.3142   1.0060   0.3292   0.3011   0.0170   0.3648   0.2995   0.0009   0.0000  -0.0627  -0.1210    0.460
    16   3.6354   0.9097   0.2857   0.2580   0.0122   0.3457   0.2838  -0.0003   0.0000  -0.0627  -0.1175    0.471
    17   3.9410   0.8180   0.2422   0.2136   0.0067   0.3183   0.2613  -0.0014   0.0000  -0.0626  -0.1125    0.490
    18   4.2262   0.7325   0.2002   0.1696   0.0007   0.2824   0.2318  -0.0022   0.0000  -0.0627  -0.1061    0.520
    19   4.4865   0.6544   0.1612   0.1280  -0.0061   0.2385   0.1958  -0.0027   0.0000  -0.0628  -0.0983    0.571
    20   4.7177   0.5851   0.1260   0.0905  -0.0136   0.1887   0.1549  -0.0029   0.0000  -0.0632  -0.0896    0.658
    21   4.9163   0.5256   0.0951   0.0591  -0.0215   0.1373   0.1127  -0.0028   0.0000  -0.0638  -0.0808    0.816
    22   5.0790   0.4768   0.0686   0.0355  -0.0286   0.0909   0.0746  -0.0026   0.0000  -0.0641  -0.0728    1.109
    23   5.2034   0.4395   0.0459   0.0202  -0.0317   0.0560   0.0460  -0.0026   0.0000  -0.0615  -0.0642    1.588
    24   5.2874   0.4143   0.0262   0.0110  -0.0284   0.0323   0.0266  -0.0027   0.0000  -0.0492  -0.0491
    25   5.3297   0.4016   0.0085   0.0037  -0.0219   0.0114   0.0094  -0.0020   0.0000  -0.0202  -0.0198

  Surface # 2     main_wing (YDUP)                        
     # Chordwise = 10   # Spanwise = 25     First strip = 26
     Surface area =    7.861920       Ave. chord =    1.473425
     CLsurf  =   0.11110     Clsurf  =   0.01972
     CYsurf  =   0.00212     Cmsurf  =  -0.14811
     CDsurf  =   0.00129     Cnsurf  =   0.00011
     CDisurf =   0.00129     CDvsurf =   0.00000

  Forces referred to Ssurf, Cave about hinge axis thru LE
     CLsurf  =   0.22209     CDsurf  =   0.00257
     Deflect =

 Strip Forces referred to Strip Area, Chord
    j      Yle    Chord     Area     c cl      ai      cl_norm  cl       cd       cdv    cm_c/4    cm_LE  C.P.x/c
    26  -0.0062   3.3979   0.0842   0.5329   0.0385   0.1599   0.1567   0.0064   0.0000  -0.0582   0.0950    0.621
    27  -0.0556   3.3815   0.2500   0.5269   0.0382   0.1590   0.1559   0.0012   0.0000  -0.0579   0.0945    0.621
    28  -0.1538   3.3487   0.4083   0.5261   0.0387   0.1603   0.1572   0.0010   0.0000  -0.0579   0.0949    0.619
    29  -0.2990   3.3003   0.5545   0.5249   0.0407   0.1623   0.1591   0.0012   0.0000  -0.0575   0.0949    0.611
    30  -0.4891   3.2370   0.6844   0.5211   0.0455   0.1643   0.1610   0.0012   0.0000  -0.0558   0.0938    0.597
    31  -0.6904   3.0342   0.5705   0.5055   0.0376   0.1693   0.1666   0.0017   0.0000  -0.0544   0.0831    0.577
    32  -0.8923   2.6641   0.5728   0.4835   0.0260   0.1844   0.1815   0.0026   0.0000  -0.0558   0.0875    0.557
    33  -1.1195   2.2475   0.5363   0.4602   0.0181   0.2080   0.2048   0.0039   0.0000  -0.0578   0.0943    0.532
    34  -1.3685   1.7910   0.4629   0.4371   0.0068   0.2478   0.2440   0.0067   0.0000  -0.0625   0.1068    0.506
    35  -1.6551   1.5035   0.4723   0.4303   0.0187   0.3485   0.2861   0.0087   0.0000  -0.0673   0.1222    0.485
    36  -1.9763   1.4072   0.4605   0.4229   0.0274   0.3661   0.3005   0.0069   0.0000  -0.0649   0.1232    0.466
    37  -2.3081   1.3077   0.4383   0.4041   0.0274   0.3765   0.3090   0.0053   0.0000  -0.0637   0.1240    0.456
    38  -2.6452   1.2066   0.4076   0.3761   0.0250   0.3798   0.3118   0.0037   0.0000  -0.0632   0.1241    0.453
    39  -2.9824   1.1055   0.3705   0.3411   0.0214   0.3760   0.3087   0.0023   0.0000  -0.0629   0.1232    0.454
    40  -3.3142   1.0060   0.3292   0.3011   0.0170   0.3648   0.2995   0.0009   0.0000  -0.0627   0.1210    0.460
    41  -3.6354   0.9097   0.2857   0.2580   0.0122   0.3457   0.2838  -0.0003   0.0000  -0.0627   0.1175    0.471
    42  -3.9410   0.8180   0.2422   0.2136   0.0067   0.3183   0.2613  -0.0014   0.0000  -0.0626   0.1125    0.490
    43  -4.2262   0.7325   0.2002   0.1696   0.0007   0.2824   0.2318  -0.0022   0.0000  -0.0627   0.1061    0.520
    44  -4.4865   0.6544   0.1612   0.1280  -0.0061   0.2385   0.1958  -0.0027   0.0000  -0.0628   0.0983    0.571
    45  -4.7177   0.5851   0.1260   0.0905  -0.0136   0.1887   0.1549  -0.0029   0.0000  -0.0632   0.0896    0.658
    46  -4.9163   0.5256   0.0951   0.0591  -0.0215   0.1373   0.1127  -0.0028   0.0000  -0.0638   0.0808    0.816
    47  -5.0790   0.4768   0.0686   0.0355  -0.0286   0.0909   0.0746  -0.0026   0.0000  -0.0641   0.0728    1.109
    48  -5.2034   0.4395   0.0459   0.0202  -0.0317   0.0560   0.0460  -0.0026   0.0000  -0.0615   0.0642    1.588
    49  -5.2874   0.4143   0.0262   0.0110  -0.0284   0.0323   0.0266  -0.0027   0.0000  -0.0492   0.0491
    50  -5.3297   0.4016   0.0085   0.0037  -0.0219   0.0114   0.0094  -0.0020   0.0000  -0.0202   0.0198

  Surface # 3     vertical_stabilizer                     
     # Chordwise = 10   # Spanwise = 25     First strip = 51
     Surface area =    0.624999       Ave. chord =    1.249999
     CLsurf  =   0.00000     Clsurf  =   0.00000
     CYsurf  =   0.00000     Cmsurf  =  -0.00000
     CDsurf  =   0.00000     Cnsurf  =  -0.00000
     CDisurf =   0.00000     CDvsurf =   0.00000

  Forces referred to Ssurf, Cave about hinge axis thru LE
     CLsurf  =  -0.00000     CDsurf  =   0.00000
     Deflect =

 Strip Forces referred to Strip Area, Chord
    j      Yle    Chord     Area     c cl      ai      cl_norm  cl       cd       cdv    cm_c/4    cm_LE  C.P.x/c
    51   0.0000   1.4980   0.0074   0.0000  -0.0000   0.0000   0.0000   0.0000   0.0000  -0.0000  -0.0000    0.464
    52   0.0000   1.4913   0.0126   0.0000   0.0000   0.0000   0.0000   0.0000   0.0000  -0.0000  -0.0000    0.485
    53   0.0000   1.4812   0.0175   0.0000   0.0000   0.0000   0.0000   0.0000   0.0000   0.0000   0.0000   -0.080
    54   0.0000   1.4677   0.0222   0.0000   0.0000   0.0000   0.0000  -0.0000   0.0000   0.0000  -0.0000   -0.010
    55   0.0000   1.4510   0.0263   0.0000  -0.0000   0.0000   0.0000  -0.0000   0.0000   0.0000   0.0000   -0.032
    56   0.0000   1.4314   0.0300   0.0000  -0.0000   0.0000   0.0000  -0.0000   0.0000   0.0000   0.0000
    57   0.0000   1.4092   0.0331   0.0000  -0.0000   0.0000   0.0000  -0.0000   0.0000   0.0000   0.0000
    58   0.0000   1.3846   0.0355  -0.0000   0.0000  -0.0000  -0.0000   0.0000   0.0000   0.0000   0.0000
    59   0.0000   1.3579   0.0373   0.0000  -0.0000   0.0000   0.0000  -0.0000   0.0000   0.0000   0.0000
    60   0.0000   1.3297   0.0384  -0.0000   0.0000  -0.0000  -0.0000   0.0000   0.0000   0.0000   0.0000
    61   0.0000   1.3003   0.0388  -0.0000  -0.0000  -0.0000  -0.0000   0.0000   0.0000   0.0000   0.0000
    62   0.0000   1.2701   0.0386  -0.0000   0.0000  -0.0000  -0.0000  -0.0000   0.0000   0.0000   0.0000    1.712
    63   0.0000   1.2396   0.0378  -0.0000   0.0000  -0.0000  -0.0000  -0.0000   0.0000   0.0000   0.0000
    64   0.0000   1.2093   0.0364  -0.0000   0.0000  -0.0000  -0.0000   0.0000   0.0000   0.0000   0.0000    1.461
    65   0.0000   1.1795   0.0346  -0.0000   0.0000  -0.0000  -0.0000   0.0000   0.0000   0.0000   0.0000
    66   0.0000   1.1508   0.0323   0.0000   0.0000   0.0000   0.0000  -0.0000   0.0000   0.0000   0.0000
    67   0.0000   1.1236   0.0296  -0.0000   0.0000  -0.0000  -0.0000   0.0000   0.0000   0.0000   0.0000
    68   0.0000   1.0982   0.0267   0.0000   0.0000   0.0000   0.0000  -0.0000   0.0000   0.0000   0.0000
    69   0.0000   1.0751   0.0235   0.0000   0.0000   0.0000   0.0000   0.0000   0.0000   0.0000   0.0000   -0.420
    70   0.0000   1.0546   0.0201   0.0000   0.0000   0.0000   0.0000  -0.0000   0.0000  -0.0000  -0.0000    0.381
    71   0.0000   1.0370   0.0166   0.0000   0.0000   0.0000   0.0000   0.0000   0.0000  -0.0000  -0.0000    0.859
    72   0.0000   1.0226   0.0130   0.0000   0.0000   0.0000   0.0000  -0.0000   0.0000  -0.0000  -0.0000    0.831
    73   0.0000   1.0116   0.0093   0.0000   0.0000   0.0000   0.0000  -0.0000   0.0000  -0.0000  -0.0000    0.746
    74   0.0000   1.0042   0.0056   0.0000   0.0000   0.0000   0.0000   0.0000   0.0000  -0.0000  -0.0000    0.634
    75   0.0000   1.0005   0.0019   0.0000   0.0000   0.0000   0.0000  -0.0000   0.0000  -0.0000  -0.0000    0.619
 ---------------------------------------------------------------
