 ---------------------------------------------------------------
 Surface and Strip Forces by surface

  Forces referred to Sref, Cref, Bref about Xref, Yref, Zref
 Standard axis orientation,  X fwd, Z down         

  Surface # 1     main_wing                               
     # Chordwise = 10   # Spanwise = 25     First strip =  1
     Surface area =    7.861920       Ave. chord =    1.473425
     CLsurf  =   0.03885     Clsurf  =  -0.00579
     CYsurf  =  -0.00070     Cmsurf  =  -0.07740
     CDsurf  =   0.00030     Cnsurf  =   0.00021
     CDisurf =   0.00030     CDvsurf =   0.00000

  Forces referred to Ssurf, Cave about hinge axis thru LE
     CLsurf  =   0.07765     CDsurf  =   0.00061
     Deflect =

 Strip Forces referred to Strip Area, Chord
    j      Yle    Chord     Area     c cl      ai      cl_norm  cl       cd       cdv    cm_c/4    cm_LE  C.P.x/c
     1   0.0062   3.3979   0.0842   0.2071   0.0139   0.0621   0.0609   0.0090   0.0000  -0.0607  -0.0741    1.247
     2   0.0556   3.3815   0.2500   0.2014   0.0137   0.0607   0.0596   0.0004   0.0000  -0.0608  -0.0739    1.271
     3   0.1538   3.3487   0.4083   0.2011   0.0143   0.0613   0.0601  -0.0002   0.0000  -0.0611  -0.0742    1.267
     4   0.2990   3.3003   0.5545   0.2014   0.0164   0.0622   0.0610  -0.0004   0.0000  -0.0608  -0.0742    1.246
     5   0.4891   3.2370   0.6844   0.2010   0.0210   0.0633   0.0621  -0.0004   0.0000  -0.0593  -0.0730    1.205
     6   0.6904   3.0342   0.5705   0.1919   0.0142   0.0642   0.0632  -0.0004   0.0000  -0.0579  -0.0637    1.165
     7   0.8923   2.6641   0.5728   0.1798   0.0053   0.0685   0.0675  -0.0003   0.0000  -0.0593  -0.0659    1.129
     8   1.1195   2.2475   0.5363   0.1702   0.0011   0.0769   0.0757   0.0002   0.0000  -0.0613  -0.0693    1.059
     9   1.3685   1.7910   0.4629   0.1645  -0.0036   0.0933   0.0918   0.0016   0.0000  -0.0652  -0.0762    0.960
    10   1.6551   1.5035   0.4723   0.1744   0.0114   0.1413   0.1160   0.0031   0.0000  -0.0694  -0.0866    0.848
    11   1.9763   1.4072   0.4605   0.1798   0.0189   0.1556   0.1278   0.0026   0.0000  -0.0675  -0.0874    0.778
    12   2.3081   1.3077   0.4383   0.1738   0.0188   0.1618   0.1329   0.0019   0.0000  -0.0666  -0.0878    0.751
    13   2.6452   1.2066   0.4076   0.1591   0.0166   0.1606   0.1319   0.0013   0.0000  -0.0661  -0.0871    0.751
    14   2.9824   1.1055   0.3705   0.1381   0.0133   0.1521   0.1249   0.0008   0.0000  -0.0659  -0.0854    0.778
    15   3.3142   1.0060   0.3292   0.1124   0.0092   0.1361   0.1117   0.0003   0.0000  -0.0658  -0.0824    0.839
    16   3.6354   0.9097   0.2857   0.0838   0.0046   0.1123   0.0922  -0.0001   0.0000  -0.0658  -0.0781    0.964
    17   3.9410   0.8180   0.2422   0.0541  -0.0009   0.0805   0.0661  -0.0004   0.0000  -0.0659  -0.0725    1.246
    18   4.2262   0.7325   0.2002   0.0248  -0.0073   0.0413   0.0339  -0.0004   0.0000  -0.0661  -0.0656
    19   4.4865   0.6544   0.1612  -0.0021  -0.0149  -0.0039  -0.0032  -0.0002   0.0000  -0.0667  -0.0579
    20   4.7177   0.5851   0.1260  -0.0246  -0.0242  -0.0513  -0.0421   0.0002   0.0000  -0.0678  -0.0504
    21   4.9163   0.5256   0.0951  -0.0403  -0.0349  -0.0933  -0.0766   0.0006   0.0000  -0.0700  -0.0447   -0.663
    22   5.0790   0.4768   0.0686  -0.0463  -0.0455  -0.1183  -0.0971   0.0005   0.0000  -0.0727  -0.0425   -0.498
    23   5.2034   0.4395   0.0459  -0.0414  -0.0523  -0.1147  -0.0942  -0.0007   0.0000  -0.0723  -0.0429   -0.518
    24   5.2874   0.4143   0.0262  -0.0274  -0.0519  -0.0807  -0.0663  -0.0026   0.0000  -0.0596  -0.0378   -0.649
    25   5.3297   0.4016   0.0085  -0.0093  -0.0472  -0.0284  -0.0233  -0.0031   0.0000  -0.0247  -0.0166   -0.811

  Surface # 2     main_wing (YDUP)                        
     # Chordwise = 10   # Spanwise = 25     First strip = 26
     Surface area =    7.861920       Ave. chord =    1.473425
     CLsurf  =   0.03885     Clsurf  =   0.00579
     CYsurf  =   0.00070     Cmsurf  =  -0.07740
     CDsurf  =   0.00030     Cnsurf  =  -0.00021
     CDisurf =   0.00030     CDvsurf =   0.00000

  Forces referred to Ssurf, Cave about hinge axis thru LE
     CLsurf  =   0.07765     CDsurf  =   0.00061
     Deflect =

 Strip Forces referred to Strip Area, Chord
    j      Yle    Chord     Area     c cl      ai      cl_norm  cl       cd       cdv    cm_c/4    cm_LE  C.P.x/c
    26  -0.0062   3.3979   0.0842   0.2071   0.0139   0.0621   0.0609   0.0090   0.0000  -0.0607   0.0741    1.247
    27  -0.0556   3.3815   0.2500   0.2014   0.0137   0.0607   0.0596   0.0004   0.0000  -0.0608   0.0739    1.271
    28  -0.1538   3.3487   0.4083   0.2011   0.0143   0.0613   0.0601  -0.0002   0.0000  -0.0611   0.0742    1.267
    29  -0.2990   3.3003   0.5545   0.2014   0.0164   0.0622   0.0610  -0.0004   0.0000  -0.0608   0.0742    1.246
    30  -0.4891   3.2370   0.6844   0.2010   0.0210   0.0633   0.0621  -0.0004   0.0000  -0.0593   0.0730    1.205
    31  -0.6904   3.0342   0.5705   0.1919   0.0142   0.0642   0.0632  -0.0004   0.0000  -0.0579   0.0637    1.165
    32  -0.8923   2.6641   0.5728   0.1798   0.0053   0.0685   0.0675  -0.0003   0.0000  -0.0593   0.0659    1.129
    33  -1.1195   2.2475   0.5363   0.1702   0.0011   0.0769   0.0757   0.0002   0.0000  -0.0613   0.0693    1.059
    34  -1.3685   1.7910   0.4629   0.1645  -0.0036   0.0933   0.0918   0.0016   0.0000  -0.0652   0.0762    0.960
    35  -1.6551   1.5035   0.4723   0.1744   0.0114   0.1413   0.1160   0.0031   0.0000  -0.0694   0.0866    0.848
    36  -1.9763   1.4072   0.4605   0.1798   0.0189   0.1556   0.1278   0.0026   0.0000  -0.0675   0.0874    0.778
    37  -2.3081   1.3077   0.4383   0.1738   0.0188   0.1618   0.1329   0.0019   0.0000  -0.0666   0.0878    0.751
    38  -2.6452   1.2066   0.4076   0.1591   0.0166   0.1606   0.1319   0.0013   0.0000  -0.0661   0.0871    0.751
    39  -2.9824   1.1055   0.3705   0.1381   0.0133   0.1521   0.1249   0.0008   0.0000  -0.0659   0.0854    0.778
    40  -3.3142   1.0060   0.3292   0.1124   0.0092   0.1361   0.1117   0.0003   0.0000  -0.0658   0.0824    0.839
    41  -3.6354   0.9097   0.2857   0.0838   0.0046   0.1123   0.0922  -0.0001   0.0000  -0.0658   0.0781    0.964
    42  -3.9410   0.8180   0.2422   0.0541  -0.0009   0.0805   0.0661  -0.0004   0.0000  -0.0659   0.0725    1.246
    43  -4.2262   0.7325   0.2002   0.0248  -0.0073   0.0413   0.0339  -0.0004   0.0000  -0.0661   0.0656
    44  -4.4865   0.6544   0.1612  -0.0021  -0.0149  -0.0039  -0.0032  -0.0002   0.0000  -0.0667   0.0579
    45  -4.7177   0.5851   0.1260  -0.0246  -0.0242  -0.0513  -0.0421   0.0002   0.0000  -0.0678   0.0504
    46  -4.9163   0.5256   0.0951  -0.0403  -0.0349  -0.0933  -0.0766   0.0006   0.0000  -0.0700   0.0447   -0.663
    47  -5.0790   0.4768   0.0686  -0.0463  -0.0455  -0.1183  -0.0971   0.0005   0.0000  -0.0727   0.0425   -0.498
    48  -5.2034   0.4395   0.0459  -0.0414  -0.0523  -0.1147  -0.0942  -0.0007   0.0000  -0.0723   0.0429   -0.518
    49  -5.2874   0.4143   0.0262  -0.0274  -0.0519  -0.0807  -0.0663  -0.0026   0.0000  -0.0596   0.0378   -0.649
    50  -5.3297   0.4016   0.0085  -0.0093  -0.0472  -0.0284  -0.0233  -0.0031   0.0000  -0.0247   0.0166   -0.811

  Surface # 3     vertical_stabilizer                     
     # Chordwise = 10   # Spanwise = 25     First strip = 51
     Surface area =    0.624999       Ave. chord =    1.249999
     CLsurf  =   0.00000     Clsurf  =   0.00000
     CYsurf  =   0.00000     Cmsurf  =  -0.00000
     CDsurf  =  -0.00000     Cnsurf  =  -0.00000
     CDisurf =  -0.00000     CDvsurf =   0.00000

  Forces referred to Ssurf, Cave about hinge axis thru LE
     CLsurf  =  -0.00000     CDsurf  =  -0.00000
     Deflect =

 Strip Forces referred to Strip Area, Chord
    j      Yle    Chord     Area     c cl      ai      cl_norm  cl       cd       cdv    cm_c/4    cm_LE  C.P.x/c
    51   0.0000   1.4980   0.0074  -0.0000  -0.0000  -0.0000  -0.0000  -0.0000   0.0000   0.0000   0.0000    0.285
    52   0.0000   1.4913   0.0126  -0.0000   0.0000  -0.0000  -0.0000  -0.0000   0.0000   0.0000   0.0000    0.287
    53   0.0000   1.4812   0.0175  -0.0000  -0.0000  -0.0000  -0.0000  -0.0000   0.0000   0.0000   0.0000    0.264
    54   0.0000   1.4677   0.0222  -0.0000  -0.0000  -0.0000  -0.0000   0.0000   0.0000  -0.0000   0.0000    0.241
    55   0.0000   1.4510   0.0263  -0.0000   0.0000  -0.0000  -0.0000  -0.0000   0.0000   0.0000   0.0000    0.263
    56   0.0000   1.4314   0.0300  -0.0000  -0.0000  -0.0000  -0.0000  -0.0000   0.0000   0.0000   0.0000    0.291
    57   0.0000   1.4092   0.0331  -0.0000   0.0000  -0.0000  -0.0000  -0.0000   0.0000   0.0000   0.0000    0.267
    58   0.0000   1.3846   0.0355  -0.0000   0.0000  -0.0000  -0.0000   0.0000   0.0000  -0.0000   0.0000    0.232
    59   0.0000   1.3579   0.0373  -0.0000   0.0000  -0.0000  -0.0000  -0.0000   0.0000   0.0000   0.0000    0.312
    60   0.0000   1.3297   0.0384  -0.0000   0.0000  -0.0000  -0.0000   0.0000   0.0000   0.0000   0.0000    0.262
    61   0.0000   1.3003   0.0388  -0.0000   0.0000  -0.0000  -0.0000   0.0000   0.0000   0.0000   0.0000    0.331
    62   0.0000   1.2701   0.0386  -0.0000   0.0000  -0.0000  -0.0000  -0.0000   0.0000   0.0000   0.0000    0.328
    63   0.0000   1.2396   0.0378  -0.0000   0.0000  -0.0000  -0.0000  -0.0000   0.0000  -0.0000   0.0000    0.212
    64   0.0000   1.2093   0.0364  -0.0000   0.0000  -0.0000  -0.0000  -0.0000   0.0000  -0.0000   0.0000    0.212
    65   0.0000   1.1795   0.0346  -0.0000   0.0000  -0.0000  -0.0000   0.0000   0.0000   0.0000   0.0000    0.261
    66   0.0000   1.1508   0.0323  -0.0000   0.0000  -0.0000  -0.0000  -0.0000   0.0000  -0.0000   0.0000    0.187
    67   0.0000   1.1236   0.0296  -0.0000   0.0000  -0.0000  -0.0000  -0.0000   0.0000  -0.0000   0.0000    0.175
    68   0.0000   1.0982   0.0267  -0.0000   0.0000  -0.0000  -0.0000  -0.0000   0.0000  -0.0000   0.0000    0.123
    69   0.0000   1.0751   0.0235  -0.0000   0.0000  -0.0000  -0.0000  -0.0000   0.0000  -0.0000   0.0000    0.206
    70   0.0000   1.0546   0.0201  -0.0000   0.0000  -0.0000  -0.0000   0.0000   0.0000  -0.0000   0.0000    0.198
    71   0.0000   1.0370   0.0166  -0.0000   0.0000  -0.0000  -0.0000  -0.0000   0.0000   0.0000   0.0000    0.287
    72   0.0000   1.0226   0.0130  -0.0000   0.0000  -0.0000  -0.0000  -0.0000   0.0000   0.0000   0.0000    0.291
    73   0.0000   1.0116   0.0093  -0.0000   0.0000  -0.0000  -0.0000  -0.0000   0.0000  -0.0000   0.0000    0.241
    74   0.0000   1.0042   0.0056  -0.0000   0.0000  -0.0000  -0.0000   0.0000   0.0000   0.0000   0.0000    0.262
    75   0.0000   1.0005   0.0019  -0.0000   0.0000  -0.0000  -0.0000  -0.0000   0.0000   0.0000   0.0000    0.292
 ---------------------------------------------------------------
