 ---------------------------------------------------------------
 Surface and Strip Forces by surface

  Forces referred to Sref, Cref, Bref about Xref, Yref, Zref
 Standard axis orientation,  X fwd, Z down         

  Surface # 1     main_wing                               
     # Chordwise = 10   # Spanwise = 25     First strip =  1
     Surface area =    7.861920       Ave. chord =    1.473425
     CLsurf  =   0.29382     Clsurf  =  -0.05464
     CYsurf  =  -0.00798     Cmsurf  =  -0.33039
     CDsurf  =   0.00834     Cnsurf  =  -0.00401
     CDisurf =   0.00834     CDvsurf =   0.00000

  Forces referred to Ssurf, Cave about hinge axis thru LE
     CLsurf  =   0.58744     CDsurf  =   0.01668
     Deflect =

 Strip Forces referred to Strip Area, Chord
    j      Yle    Chord     Area     c cl      ai      cl_norm  cl       cd       cdv    cm_c/4    cm_LE  C.P.x/c
     1   0.0062   3.3979   0.0842   1.3740   0.1029   0.4081   0.4000   0.0598   0.0000  -0.0566  -0.1540    0.391
     2   0.0556   3.3815   0.2500   1.3511   0.1023   0.4079   0.3998   0.0225   0.0000  -0.0558  -0.1521    0.390
     3   0.1538   3.3487   0.4083   1.3479   0.1025   0.4111   0.4030   0.0207   0.0000  -0.0554  -0.1524    0.387
     4   0.2990   3.3003   0.5545   1.3423   0.1043   0.4154   0.4072   0.0208   0.0000  -0.0544  -0.1524    0.384
     5   0.4891   3.2370   0.6844   1.3288   0.1093   0.4193   0.4110   0.0208   0.0000  -0.0523  -0.1513    0.377
     6   0.6904   3.0342   0.5705   1.2970   0.0973   0.4348   0.4280   0.0217   0.0000  -0.0513  -0.1371    0.370
     7   0.8923   2.6641   0.5728   1.2481   0.0780   0.4766   0.4691   0.0233   0.0000  -0.0527  -0.1472    0.362
     8   1.1195   2.2475   0.5363   1.1886   0.0597   0.5382   0.5297   0.0255   0.0000  -0.0556  -0.1628    0.355
     9   1.3685   1.7910   0.4629   1.1202   0.0304   0.6364   0.6264   0.0302   0.0000  -0.0630  -0.1901    0.351
    10   1.6551   1.5035   0.4723   1.0705   0.0358   0.8679   0.7136   0.0307   0.0000  -0.0695  -0.2182    0.347
    11   1.9763   1.4072   0.4605   1.0328   0.0488   0.8958   0.7365   0.0243   0.0000  -0.0656  -0.2196    0.339
    12   2.3081   1.3077   0.4383   0.9829   0.0497   0.9183   0.7550   0.0186   0.0000  -0.0636  -0.2217    0.334
    13   2.6452   1.2066   0.4076   0.9221   0.0470   0.9346   0.7684   0.0134   0.0000  -0.0626  -0.2236    0.331
    14   2.9824   1.1055   0.3705   0.8526   0.0427   0.9438   0.7760   0.0084   0.0000  -0.0621  -0.2247    0.330
    15   3.3142   1.0060   0.3292   0.7765   0.0375   0.9454   0.7773   0.0036   0.0000  -0.0617  -0.2245    0.329
    16   3.6354   0.9097   0.2857   0.6963   0.0319   0.9382   0.7714  -0.0010   0.0000  -0.0615  -0.2229    0.330
    17   3.9410   0.8180   0.2422   0.6143   0.0262   0.9211   0.7573  -0.0053   0.0000  -0.0612  -0.2194    0.331
    18   4.2262   0.7325   0.2002   0.5326   0.0207   0.8925   0.7337  -0.0092   0.0000  -0.0607  -0.2138    0.333
    19   4.4865   0.6544   0.1612   0.4533   0.0158   0.8507   0.6994  -0.0124   0.0000  -0.0599  -0.2055    0.336
    20   4.7177   0.5851   0.1260   0.3778   0.0122   0.7935   0.6524  -0.0148   0.0000  -0.0585  -0.1938    0.340
    21   4.9163   0.5256   0.0951   0.3068   0.0110   0.7177   0.5900  -0.0161   0.0000  -0.0557  -0.1777    0.344
    22   5.0790   0.4768   0.0686   0.2395   0.0134   0.6180   0.5081  -0.0158   0.0000  -0.0505  -0.1552    0.349
    23   5.2034   0.4395   0.0459   0.1739   0.0201   0.4869   0.4003  -0.0137   0.0000  -0.0415  -0.1238    0.354
    24   5.2874   0.4143   0.0262   0.1070   0.0309   0.3178   0.2613  -0.0094   0.0000  -0.0280  -0.0816    0.357
    25   5.3297   0.4016   0.0085   0.0364   0.0415   0.1118   0.0919  -0.0040   0.0000  -0.0103  -0.0291    0.362

  Surface # 2     main_wing (YDUP)                        
     # Chordwise = 10   # Spanwise = 25     First strip = 26
     Surface area =    7.861920       Ave. chord =    1.473425
     CLsurf  =   0.29382     Clsurf  =   0.05464
     CYsurf  =   0.00798     Cmsurf  =  -0.33040
     CDsurf  =   0.00834     Cnsurf  =   0.00401
     CDisurf =   0.00834     CDvsurf =   0.00000

  Forces referred to Ssurf, Cave about hinge axis thru LE
     CLsurf  =   0.58744     CDsurf  =   0.01666
     Deflect =

 Strip Forces referred to Strip Area, Chord
    j      Yle    Chord     Area     c cl      ai      cl_norm  cl       cd       cdv    cm_c/4    cm_LE  C.P.x/c
    26  -0.0062   3.3979   0.0842   1.3740   0.1029   0.4081   0.4000   0.0598   0.0000  -0.0566   0.1540    0.391
    27  -0.0556   3.3815   0.2500   1.3511   0.1023   0.4079   0.3998   0.0225   0.0000  -0.0558   0.1521    0.390
    28  -0.1538   3.3487   0.4083   1.3479   0.1025   0.4111   0.4030   0.0207   0.0000  -0.0554   0.1524    0.387
    29  -0.2990   3.3003   0.5545   1.3423   0.1043   0.4154   0.4072   0.0208   0.0000  -0.0544   0.1524    0.384
    30  -0.4891   3.2370   0.6844   1.3288   0.1093   0.4193   0.4110   0.0208   0.0000  -0.0523   0.1513    0.377
    31  -0.6904   3.0342   0.5705   1.2970   0.0973   0.4348   0.4280   0.0217   0.0000  -0.0513   0.1371    0.370
    32  -0.8923   2.6641   0.5728   1.2481   0.0780   0.4766   0.4691   0.0233   0.0000  -0.0527   0.1472    0.362
    33  -1.1195   2.2475   0.5363   1.1886   0.0597   0.5382   0.5297   0.0255   0.0000  -0.0556   0.1628    0.355
    34  -1.3685   1.7910   0.4629   1.1202   0.0304   0.6364   0.6264   0.0302   0.0000  -0.0630   0.1901    0.351
    35  -1.6551   1.5035   0.4723   1.0706   0.0358   0.8680   0.7136   0.0307   0.0000  -0.0695   0.2182    0.347
    36  -1.9763   1.4072   0.4605   1.0328   0.0488   0.8958   0.7365   0.0242   0.0000  -0.0656   0.2196    0.339
    37  -2.3081   1.3077   0.4383   0.9828   0.0497   0.9183   0.7550   0.0186   0.0000  -0.0636   0.2217    0.334
    38  -2.6452   1.2066   0.4076   0.9221   0.0470   0.9346   0.7684   0.0133   0.0000  -0.0626   0.2236    0.331
    39  -2.9824   1.1055   0.3705   0.8526   0.0427   0.9438   0.7760   0.0083   0.0000  -0.0621   0.2247    0.330
    40  -3.3142   1.0060   0.3292   0.7765   0.0375   0.9454   0.7773   0.0035   0.0000  -0.0617   0.2245    0.329
    41  -3.6354   0.9097   0.2857   0.6963   0.0319   0.9382   0.7714  -0.0010   0.0000  -0.0615   0.2229    0.330
    42  -3.9410   0.8180   0.2422   0.6143   0.0262   0.9211   0.7573  -0.0053   0.0000  -0.0612   0.2194    0.331
    43  -4.2262   0.7325   0.2002   0.5326   0.0207   0.8925   0.7337  -0.0092   0.0000  -0.0607   0.2138    0.333
    44  -4.4865   0.6544   0.1612   0.4533   0.0158   0.8507   0.6994  -0.0124   0.0000  -0.0599   0.2055    0.336
    45  -4.7177   0.5851   0.1260   0.3778   0.0122   0.7935   0.6524  -0.0148   0.0000  -0.0585   0.1938    0.340
    46  -4.9163   0.5256   0.0951   0.3068   0.0110   0.7177   0.5900  -0.0161   0.0000  -0.0557   0.1777    0.344
    47  -5.0790   0.4768   0.0686   0.2395   0.0134   0.6180   0.5081  -0.0158   0.0000  -0.0505   0.1552    0.349
    48  -5.2034   0.4395   0.0459   0.1739   0.0201   0.4869   0.4003  -0.0137   0.0000  -0.0415   0.1238    0.354
    49  -5.2874   0.4143   0.0262   0.1070   0.0309   0.3178   0.2613  -0.0094   0.0000  -0.0280   0.0816    0.357
    50  -5.3297   0.4016   0.0085   0.0364   0.0415   0.1118   0.0919  -0.0040   0.0000  -0.0103   0.0291    0.362

  Surface # 3     vertical_stabilizer                     
     # Chordwise = 10   # Spanwise = 25     First strip = 51
     Surface area =    0.624999       Ave. chord =    1.249999
     CLsurf  =  -0.00000     Clsurf  =   0.00000
     CYsurf  =   0.00000     Cmsurf  =   0.00000
     CDsurf  =   0.00000     Cnsurf  =  -0.00000
     CDisurf =   0.00000     CDvsurf =   0.00000

  Forces referred to Ssurf, Cave about hinge axis thru LE
     CLsurf  =  -0.00000     CDsurf  =   0.00000
     Deflect =

 Strip Forces referred to Strip Area, Chord
    j      Yle    Chord     Area     c cl      ai      cl_norm  cl       cd       cdv    cm_c/4    cm_LE  C.P.x/c
    51   0.0000   1.4980   0.0074   0.0000   0.0000   0.0000   0.0000   0.0000   0.0000  -0.0000  -0.0000    0.987
    52   0.0000   1.4913   0.0126   0.0000  -0.0000   0.0000   0.0000   0.0000   0.0000  -0.0000  -0.0000    1.046
    53   0.0000   1.4812   0.0175   0.0000  -0.0000   0.0000   0.0000  -0.0000   0.0000  -0.0000  -0.0000    0.803
    54   0.0000   1.4677   0.0222   0.0000   0.0000   0.0000   0.0000  -0.0000   0.0000  -0.0000  -0.0000    1.081
    55   0.0000   1.4510   0.0263   0.0000  -0.0000   0.0000   0.0000  -0.0000   0.0000  -0.0000  -0.0000    1.273
    56   0.0000   1.4314   0.0300  -0.0000  -0.0000  -0.0000  -0.0000   0.0000   0.0000   0.0000   0.0000    0.557
    57   0.0000   1.4092   0.0331  -0.0000   0.0000  -0.0000  -0.0000  -0.0000   0.0000   0.0000   0.0000    0.608
    58   0.0000   1.3846   0.0355  -0.0000   0.0000  -0.0000  -0.0000   0.0000   0.0000   0.0000   0.0000    0.539
    59   0.0000   1.3579   0.0373  -0.0000   0.0000  -0.0000  -0.0000   0.0000   0.0000   0.0000   0.0000    0.615
    60   0.0000   1.3297   0.0384  -0.0000   0.0000  -0.0000  -0.0000   0.0000   0.0000   0.0000   0.0000    0.761
    61   0.0000   1.3003   0.0388  -0.0000   0.0000  -0.0000  -0.0000  -0.0000   0.0000   0.0000   0.0000    0.975
    62   0.0000   1.2701   0.0386  -0.0000   0.0000  -0.0000  -0.0000  -0.0000   0.0000   0.0000   0.0000    1.057
    63   0.0000   1.2396   0.0378  -0.0000   0.0000  -0.0000  -0.0000   0.0000   0.0000   0.0000   0.0000    0.954
    64   0.0000   1.2093   0.0364  -0.0000   0.0000  -0.0000  -0.0000   0.0000   0.0000   0.0000   0.0000    0.817
    65   0.0000   1.1795   0.0346  -0.0000   0.0000  -0.0000  -0.0000  -0.0000   0.0000   0.0000   0.0000    0.670
    66   0.0000   1.1508   0.0323  -0.0000   0.0000  -0.0000  -0.0000   0.0000   0.0000   0.0000   0.0000    1.070
    67   0.0000   1.1236   0.0296  -0.0000   0.0000  -0.0000  -0.0000   0.0000   0.0000   0.0000   0.0000    0.989
    68   0.0000   1.0982   0.0267  -0.0000   0.0000  -0.0000  -0.0000   0.0000   0.0000   0.0000   0.0000    0.997
    69   0.0000   1.0751   0.0235  -0.0000   0.0000  -0.0000  -0.0000  -0.0000   0.0000   0.0000   0.0000    1.061
    70   0.0000   1.0546   0.0201  -0.0000   0.0000  -0.0000  -0.0000  -0.0000   0.0000  -0.0000  -0.0000
    71   0.0000   1.0370   0.0166   0.0000   0.0000   0.0000   0.0000   0.0000   0.0000  -0.0000  -0.0000
    72   0.0000   1.0226   0.0130   0.0000   0.0000   0.0000   0.0000   0.0000   0.0000  -0.0000  -0.0000
    73   0.0000   1.0116   0.0093   0.0000   0.0000   0.0000   0.0000  -0.0000   0.0000  -0.0000  -0.0000    1.367
    74   0.0000   1.0042   0.0056   0.0000   0.0000   0.0000   0.0000  -0.0000   0.0000  -0.0000  -0.0000    1.049
    75   0.0000   1.0005   0.0019   0.0000   0.0000   0.0000   0.0000   0.0000   0.0000  -0.0000  -0.0000    1.222
 ---------------------------------------------------------------
