 ---------------------------------------------------------------
 Surface and Strip Forces by surface

  Forces referred to Sref, Cref, Bref about Xref, Yref, Zref
 Standard axis orientation,  X fwd, Z down         

  Surface # 1     main_wing                               
     # Chordwise = 10   # Spanwise = 25     First strip =  1
     Surface area =    7.861920       Ave. chord =    1.473425
     CLsurf  =   0.21965     Clsurf  =  -0.04051
     CYsurf  =  -0.00522     Cmsurf  =  -0.25625
     CDsurf  =   0.00470     Cnsurf  =  -0.00190
     CDisurf =   0.00470     CDvsurf =   0.00000

  Forces referred to Ssurf, Cave about hinge axis thru LE
     CLsurf  =   0.43911     CDsurf  =   0.00939
     Deflect =

 Strip Forces referred to Strip Area, Chord
    j      Yle    Chord     Area     c cl      ai      cl_norm  cl       cd       cdv    cm_c/4    cm_LE  C.P.x/c
     1   0.0062   3.3979   0.0842   1.0318   0.0768   0.3084   0.3023   0.0283   0.0000  -0.0569  -0.1297    0.438
     2   0.0556   3.3815   0.2500   1.0184   0.0763   0.3075   0.3014   0.0106   0.0000  -0.0563  -0.1285    0.437
     3   0.1538   3.3487   0.4083   1.0163   0.0766   0.3099   0.3038   0.0099   0.0000  -0.0561  -0.1288    0.435
     4   0.2990   3.3003   0.5545   1.0126   0.0785   0.3133   0.3071   0.0102   0.0000  -0.0553  -0.1288    0.430
     5   0.4891   3.2370   0.6844   1.0031   0.0835   0.3164   0.3102   0.0102   0.0000  -0.0534  -0.1278    0.422
     6   0.6904   3.0342   0.5705   0.9775   0.0732   0.3276   0.3224   0.0111   0.0000  -0.0522  -0.1149    0.412
     7   0.8923   2.6641   0.5728   0.9394   0.0571   0.3585   0.3529   0.0126   0.0000  -0.0535  -0.1227    0.402
     8   1.1195   2.2475   0.5363   0.8946   0.0430   0.4046   0.3983   0.0146   0.0000  -0.0560  -0.1347    0.391
     9   1.3685   1.7910   0.4629   0.8443   0.0210   0.4791   0.4716   0.0188   0.0000  -0.0622  -0.1559    0.382
    10   1.6551   1.5035   0.4723   0.8120   0.0289   0.6579   0.5403   0.0202   0.0000  -0.0681  -0.1789    0.376
    11   1.9763   1.4072   0.4605   0.7863   0.0400   0.6812   0.5595   0.0161   0.0000  -0.0649  -0.1801    0.366
    12   2.3081   1.3077   0.4383   0.7487   0.0405   0.6985   0.5737   0.0123   0.0000  -0.0632  -0.1817    0.360
    13   2.6452   1.2066   0.4076   0.7010   0.0379   0.7091   0.5824   0.0088   0.0000  -0.0624  -0.1829    0.357
    14   2.9824   1.1055   0.3705   0.6453   0.0339   0.7128   0.5855   0.0055   0.0000  -0.0620  -0.1831    0.356
    15   3.3142   1.0060   0.3292   0.5837   0.0290   0.7090   0.5823   0.0023   0.0000  -0.0617  -0.1821    0.356
    16   3.6354   0.9097   0.2857   0.5185   0.0238   0.6967   0.5722  -0.0007   0.0000  -0.0616  -0.1797    0.358
    17   3.9410   0.8180   0.2422   0.4517   0.0182   0.6752   0.5546  -0.0035   0.0000  -0.0614  -0.1756    0.361
    18   4.2262   0.7325   0.2002   0.3853   0.0124   0.6436   0.5286  -0.0059   0.0000  -0.0611  -0.1697    0.366
    19   4.4865   0.6544   0.1612   0.3213   0.0068   0.6009   0.4935  -0.0079   0.0000  -0.0607  -0.1616    0.373
    20   4.7177   0.5851   0.1260   0.2613   0.0017   0.5468   0.4491  -0.0092   0.0000  -0.0600  -0.1512    0.384
    21   4.9163   0.5256   0.0951   0.2064  -0.0023   0.4810   0.3950  -0.0098   0.0000  -0.0587  -0.1381    0.398
    22   5.0790   0.4768   0.0686   0.1569  -0.0036   0.4031   0.3311  -0.0095   0.0000  -0.0557  -0.1215    0.418
    23   5.2034   0.4395   0.0459   0.1117  -0.0009   0.3114   0.2557  -0.0082   0.0000  -0.0494  -0.0994    0.443
    24   5.2874   0.4143   0.0262   0.0681   0.0070   0.2016   0.1656  -0.0058   0.0000  -0.0364  -0.0683    0.470
    25   5.3297   0.4016   0.0085   0.0232   0.0161   0.0709   0.0583  -0.0026   0.0000  -0.0143  -0.0253    0.495

  Surface # 2     main_wing (YDUP)                        
     # Chordwise = 10   # Spanwise = 25     First strip = 26
     Surface area =    7.861920       Ave. chord =    1.473425
     CLsurf  =   0.21965     Clsurf  =   0.04051
     CYsurf  =   0.00522     Cmsurf  =  -0.25625
     CDsurf  =   0.00469     Cnsurf  =   0.00190
     CDisurf =   0.00469     CDvsurf =   0.00000

  Forces referred to Ssurf, Cave about hinge axis thru LE
     CLsurf  =   0.43911     CDsurf  =   0.00938
     Deflect =

 Strip Forces referred to Strip Area, Chord
    j      Yle    Chord     Area     c cl      ai      cl_norm  cl       cd       cdv    cm_c/4    cm_LE  C.P.x/c
    26  -0.0062   3.3979   0.0842   1.0318   0.0768   0.3084   0.3023   0.0283   0.0000  -0.0569   0.1297    0.438
    27  -0.0556   3.3815   0.2500   1.0184   0.0763   0.3075   0.3014   0.0106   0.0000  -0.0563   0.1285    0.437
    28  -0.1538   3.3487   0.4083   1.0163   0.0766   0.3099   0.3038   0.0099   0.0000  -0.0561   0.1288    0.435
    29  -0.2990   3.3003   0.5545   1.0126   0.0785   0.3133   0.3071   0.0102   0.0000  -0.0553   0.1288    0.430
    30  -0.4891   3.2370   0.6844   1.0031   0.0835   0.3164   0.3102   0.0102   0.0000  -0.0534   0.1278    0.422
    31  -0.6904   3.0342   0.5705   0.9775   0.0732   0.3276   0.3224   0.0111   0.0000  -0.0522   0.1149    0.412
    32  -0.8923   2.6641   0.5728   0.9394   0.0571   0.3585   0.3529   0.0126   0.0000  -0.0535   0.1227    0.402
    33  -1.1195   2.2475   0.5363   0.8946   0.0430   0.4046   0.3983   0.0146   0.0000  -0.0560   0.1347    0.391
    34  -1.3685   1.7910   0.4629   0.8443   0.0210   0.4791   0.4716   0.0188   0.0000  -0.0622   0.1559    0.382
    35  -1.6551   1.5035   0.4723   0.8120   0.0289   0.6579   0.5403   0.0202   0.0000  -0.0681   0.1789    0.376
    36  -1.9763   1.4072   0.4605   0.7863   0.0400   0.6812   0.5595   0.0161   0.0000  -0.0649   0.1801    0.366
    37  -2.3081   1.3077   0.4383   0.7487   0.0405   0.6985   0.5737   0.0123   0.0000  -0.0632   0.1817    0.360
    38  -2.6452   1.2066   0.4076   0.7010   0.0379   0.7091   0.5824   0.0088   0.0000  -0.0624   0.1829    0.357
    39  -2.9824   1.1055   0.3705   0.6453   0.0339   0.7129   0.5855   0.0054   0.0000  -0.0620   0.1831    0.356
    40  -3.3142   1.0060   0.3292   0.5837   0.0290   0.7090   0.5823   0.0023   0.0000  -0.0617   0.1821    0.356
    41  -3.6354   0.9097   0.2857   0.5185   0.0238   0.6967   0.5722  -0.0007   0.0000  -0.0616   0.1797    0.358
    42  -3.9410   0.8180   0.2422   0.4517   0.0182   0.6752   0.5546  -0.0035   0.0000  -0.0614   0.1756    0.361
    43  -4.2262   0.7325   0.2002   0.3853   0.0124   0.6436   0.5286  -0.0059   0.0000  -0.0611   0.1697    0.366
    44  -4.4865   0.6544   0.1612   0.3213   0.0068   0.6009   0.4935  -0.0079   0.0000  -0.0607   0.1616    0.373
    45  -4.7177   0.5851   0.1260   0.2613   0.0017   0.5468   0.4491  -0.0092   0.0000  -0.0600   0.1512    0.384
    46  -4.9163   0.5256   0.0951   0.2064  -0.0023   0.4810   0.3950  -0.0098   0.0000  -0.0587   0.1381    0.398
    47  -5.0790   0.4768   0.0686   0.1569  -0.0036   0.4031   0.3311  -0.0095   0.0000  -0.0557   0.1215    0.418
    48  -5.2034   0.4395   0.0459   0.1117  -0.0009   0.3114   0.2557  -0.0082   0.0000  -0.0494   0.0994    0.443
    49  -5.2874   0.4143   0.0262   0.0681   0.0070   0.2016   0.1656  -0.0058   0.0000  -0.0364   0.0683    0.470
    50  -5.3297   0.4016   0.0085   0.0232   0.0161   0.0709   0.0583  -0.0026   0.0000  -0.0143   0.0253    0.495

  Surface # 3     vertical_stabilizer                     
     # Chordwise = 10   # Spanwise = 25     First strip = 51
     Surface area =    0.624999       Ave. chord =    1.249999
     CLsurf  =   0.00000     Clsurf  =  -0.00000
     CYsurf  =  -0.00000     Cmsurf  =   0.00000
     CDsurf  =  -0.00000     Cnsurf  =   0.00000
     CDisurf =  -0.00000     CDvsurf =   0.00000

  Forces referred to Ssurf, Cave about hinge axis thru LE
     CLsurf  =   0.00000     CDsurf  =  -0.00000
     Deflect =

 Strip Forces referred to Strip Area, Chord
    j      Yle    Chord     Area     c cl      ai      cl_norm  cl       cd       cdv    cm_c/4    cm_LE  C.P.x/c
    51   0.0000   1.4980   0.0074   0.0000   0.0000   0.0000   0.0000   0.0000   0.0000   0.0000   0.0000   -0.420
    52   0.0000   1.4913   0.0126   0.0000  -0.0000   0.0000   0.0000   0.0000   0.0000   0.0000   0.0000   -0.329
    53   0.0000   1.4812   0.0175   0.0000   0.0000   0.0000   0.0000  -0.0000   0.0000   0.0000   0.0000   -0.175
    54   0.0000   1.4677   0.0222   0.0000   0.0000   0.0000   0.0000  -0.0000   0.0000   0.0000   0.0000   -0.462
    55   0.0000   1.4510   0.0263   0.0000  -0.0000   0.0000   0.0000  -0.0000   0.0000   0.0000   0.0000   -0.845
    56   0.0000   1.4314   0.0300   0.0000   0.0000   0.0000   0.0000   0.0000   0.0000   0.0000   0.0000   -0.917
    57   0.0000   1.4092   0.0331   0.0000   0.0000   0.0000   0.0000  -0.0000   0.0000   0.0000   0.0000   -0.482
    58   0.0000   1.3846   0.0355   0.0000   0.0000   0.0000   0.0000  -0.0000   0.0000   0.0000   0.0000   -0.068
    59   0.0000   1.3579   0.0373   0.0000   0.0000   0.0000   0.0000   0.0000   0.0000   0.0000  -0.0000    0.010
    60   0.0000   1.3297   0.0384   0.0000   0.0000   0.0000   0.0000  -0.0000   0.0000   0.0000   0.0000   -0.251
    61   0.0000   1.3003   0.0388   0.0000  -0.0000   0.0000   0.0000  -0.0000   0.0000   0.0000   0.0000   -0.237
    62   0.0000   1.2701   0.0386   0.0000   0.0000   0.0000   0.0000   0.0000   0.0000   0.0000   0.0000   -0.559
    63   0.0000   1.2396   0.0378   0.0000   0.0000   0.0000   0.0000  -0.0000   0.0000   0.0000   0.0000   -0.272
    64   0.0000   1.2093   0.0364   0.0000   0.0000   0.0000   0.0000  -0.0000   0.0000   0.0000   0.0000   -0.413
    65   0.0000   1.1795   0.0346   0.0000   0.0000   0.0000   0.0000  -0.0000   0.0000   0.0000   0.0000   -0.164
    66   0.0000   1.1508   0.0323   0.0000   0.0000   0.0000   0.0000  -0.0000   0.0000   0.0000   0.0000   -0.949
    67   0.0000   1.1236   0.0296   0.0000   0.0000   0.0000   0.0000  -0.0000   0.0000   0.0000   0.0000   -0.447
    68   0.0000   1.0982   0.0267   0.0000   0.0000   0.0000   0.0000   0.0000   0.0000   0.0000   0.0000   -0.984
    69   0.0000   1.0751   0.0235   0.0000   0.0000   0.0000   0.0000  -0.0000   0.0000   0.0000   0.0000   -0.782
    70   0.0000   1.0546   0.0201   0.0000   0.0000   0.0000   0.0000  -0.0000   0.0000   0.0000  -0.0000    0.018
    71   0.0000   1.0370   0.0166   0.0000   0.0000   0.0000   0.0000  -0.0000   0.0000   0.0000  -0.0000    0.081
    72   0.0000   1.0226   0.0130   0.0000   0.0000   0.0000   0.0000  -0.0000   0.0000   0.0000   0.0000   -0.052
    73   0.0000   1.0116   0.0093   0.0000  -0.0000   0.0000   0.0000  -0.0000   0.0000   0.0000   0.0000   -0.066
    74   0.0000   1.0042   0.0056   0.0000   0.0000   0.0000   0.0000  -0.0000   0.0000   0.0000   0.0000   -0.070
    75   0.0000   1.0005   0.0019   0.0000   0.0000   0.0000   0.0000  -0.0000   0.0000   0.0000  -0.0000   -0.020
 ---------------------------------------------------------------
