 ---------------------------------------------------------------
 Surface and Strip Forces by surface

  Forces referred to Sref, Cref, Bref about Xref, Yref, Zref
 Standard axis orientation,  X fwd, Z down         

  Surface # 1     main_wing                               
     # Chordwise = 10   # Spanwise = 25     First strip =  1
     Surface area =    7.861920       Ave. chord =    1.473425
     CLsurf  =  -0.03612     Clsurf  =   0.00863
     CYsurf  =   0.00026     Cmsurf  =  -0.00017
     CDsurf  =   0.00033     Cnsurf  =  -0.00021
     CDisurf =   0.00033     CDvsurf =   0.00000

  Forces referred to Ssurf, Cave about hinge axis thru LE
     CLsurf  =  -0.07218     CDsurf  =   0.00066
     Deflect =

 Strip Forces referred to Strip Area, Chord
    j      Yle    Chord     Area     c cl      ai      cl_norm  cl       cd       cdv    cm_c/4    cm_LE  C.P.x/c
     1   0.0062   3.3979   0.0842  -0.1336  -0.0133  -0.0393  -0.0386   0.0216   0.0000  -0.0580  -0.0471
     2   0.0556   3.3815   0.2500  -0.1405  -0.0134  -0.0423  -0.0415   0.0037   0.0000  -0.0585  -0.0470
     3   0.1538   3.3487   0.4083  -0.1403  -0.0126  -0.0427  -0.0418   0.0022   0.0000  -0.0589  -0.0473
     4   0.2990   3.3003   0.5545  -0.1382  -0.0105  -0.0427  -0.0418   0.0016   0.0000  -0.0589  -0.0473
     5   0.4891   3.2370   0.6844  -0.1344  -0.0059  -0.0423  -0.0415   0.0016   0.0000  -0.0577  -0.0462
     6   0.6904   3.0342   0.5705  -0.1347  -0.0105  -0.0451  -0.0444   0.0009   0.0000  -0.0565  -0.0393
     7   0.8923   2.6641   0.5728  -0.1348  -0.0157  -0.0514  -0.0506  -0.0000   0.0000  -0.0578  -0.0391   -0.891
     8   1.1195   2.2475   0.5363  -0.1287  -0.0151  -0.0582  -0.0573  -0.0006   0.0000  -0.0592  -0.0388   -0.783
     9   1.3685   1.7910   0.4629  -0.1151  -0.0119  -0.0654  -0.0644  -0.0011   0.0000  -0.0616  -0.0394   -0.707
    10   1.6551   1.5035   0.4723  -0.0894   0.0049  -0.0725  -0.0596  -0.0011   0.0000  -0.0641  -0.0433   -0.826
    11   1.9763   1.4072   0.4605  -0.0724   0.0101  -0.0627  -0.0515  -0.0007   0.0000  -0.0628  -0.0440   -0.970
    12   2.3081   1.3077   0.4383  -0.0662   0.0095  -0.0616  -0.0507  -0.0005   0.0000  -0.0624  -0.0438   -0.981
    13   2.6452   1.2066   0.4076  -0.0676   0.0072  -0.0682  -0.0560  -0.0004   0.0000  -0.0622  -0.0424   -0.860
    14   2.9824   1.1055   0.3705  -0.0743   0.0042  -0.0819  -0.0673  -0.0004   0.0000  -0.0621  -0.0399   -0.673
    15   3.3142   1.0060   0.3292  -0.0848   0.0006  -0.1027  -0.0844  -0.0000   0.0000  -0.0621  -0.0361   -0.486
    16   3.6354   0.9097   0.2857  -0.0976  -0.0037  -0.1306  -0.1073   0.0001   0.0000  -0.0622  -0.0312   -0.330
    17   3.9410   0.8180   0.2422  -0.1112  -0.0089  -0.1655  -0.1360   0.0003   0.0000  -0.0624  -0.0251   -0.209
    18   4.2262   0.7325   0.2002  -0.1242  -0.0152  -0.2064  -0.1696   0.0009   0.0000  -0.0628  -0.0180   -0.120
    19   4.4865   0.6544   0.1612  -0.1349  -0.0233  -0.2510  -0.2063   0.0016   0.0000  -0.0637  -0.0108   -0.059
    20   4.7177   0.5851   0.1260  -0.1413  -0.0339  -0.2940  -0.2416   0.0025   0.0000  -0.0654  -0.0045   -0.021
    21   4.9163   0.5256   0.0951  -0.1405  -0.0472  -0.3253  -0.2673   0.0031   0.0000  -0.0687  -0.0017   -0.007
    22   5.0790   0.4768   0.0686  -0.1288  -0.0618  -0.3288  -0.2702   0.0028   0.0000  -0.0735  -0.0053   -0.022
    23   5.2034   0.4395   0.0459  -0.1037  -0.0730  -0.2872  -0.2360   0.0007   0.0000  -0.0762  -0.0152   -0.073
    24   5.2874   0.4143   0.0262  -0.0664  -0.0757  -0.1952  -0.1604  -0.0026   0.0000  -0.0652  -0.0222   -0.157
    25   5.3297   0.4016   0.0085  -0.0226  -0.0724  -0.0687  -0.0564  -0.0040   0.0000  -0.0277  -0.0120   -0.241

  Surface # 2     main_wing (YDUP)                        
     # Chordwise = 10   # Spanwise = 25     First strip = 26
     Surface area =    7.861920       Ave. chord =    1.473425
     CLsurf  =  -0.03612     Clsurf  =  -0.00863
     CYsurf  =  -0.00026     Cmsurf  =  -0.00017
     CDsurf  =   0.00033     Cnsurf  =   0.00021
     CDisurf =   0.00033     CDvsurf =   0.00000

  Forces referred to Ssurf, Cave about hinge axis thru LE
     CLsurf  =  -0.07218     CDsurf  =   0.00066
     Deflect =

 Strip Forces referred to Strip Area, Chord
    j      Yle    Chord     Area     c cl      ai      cl_norm  cl       cd       cdv    cm_c/4    cm_LE  C.P.x/c
    26  -0.0062   3.3979   0.0842  -0.1336  -0.0133  -0.0393  -0.0386   0.0216   0.0000  -0.0580   0.0471
    27  -0.0556   3.3815   0.2500  -0.1405  -0.0134  -0.0423  -0.0415   0.0037   0.0000  -0.0585   0.0470
    28  -0.1538   3.3487   0.4083  -0.1403  -0.0126  -0.0427  -0.0418   0.0022   0.0000  -0.0589   0.0473
    29  -0.2990   3.3003   0.5545  -0.1382  -0.0105  -0.0427  -0.0418   0.0016   0.0000  -0.0589   0.0473
    30  -0.4891   3.2370   0.6844  -0.1344  -0.0059  -0.0423  -0.0415   0.0016   0.0000  -0.0577   0.0462
    31  -0.6904   3.0342   0.5705  -0.1347  -0.0105  -0.0451  -0.0444   0.0009   0.0000  -0.0565   0.0393
    32  -0.8923   2.6641   0.5728  -0.1348  -0.0157  -0.0514  -0.0506  -0.0000   0.0000  -0.0578   0.0391   -0.891
    33  -1.1195   2.2475   0.5363  -0.1287  -0.0151  -0.0582  -0.0573  -0.0006   0.0000  -0.0592   0.0388   -0.783
    34  -1.3685   1.7910   0.4629  -0.1151  -0.0119  -0.0654  -0.0644  -0.0011   0.0000  -0.0616   0.0394   -0.707
    35  -1.6551   1.5035   0.4723  -0.0894   0.0049  -0.0725  -0.0596  -0.0011   0.0000  -0.0641   0.0433   -0.826
    36  -1.9763   1.4072   0.4605  -0.0724   0.0101  -0.0627  -0.0515  -0.0007   0.0000  -0.0628   0.0440   -0.970
    37  -2.3081   1.3077   0.4383  -0.0662   0.0095  -0.0617  -0.0507  -0.0005   0.0000  -0.0624   0.0438   -0.981
    38  -2.6452   1.2066   0.4076  -0.0675   0.0072  -0.0682  -0.0560  -0.0004   0.0000  -0.0622   0.0424   -0.860
    39  -2.9824   1.1055   0.3705  -0.0743   0.0042  -0.0819  -0.0673  -0.0003   0.0000  -0.0621   0.0399   -0.673
    40  -3.3142   1.0060   0.3292  -0.0848   0.0006  -0.1027  -0.0844  -0.0001   0.0000  -0.0621   0.0361   -0.486
    41  -3.6354   0.9097   0.2857  -0.0976  -0.0037  -0.1306  -0.1073   0.0001   0.0000  -0.0622   0.0312   -0.330
    42  -3.9410   0.8180   0.2422  -0.1112  -0.0089  -0.1655  -0.1360   0.0003   0.0000  -0.0624   0.0251   -0.209
    43  -4.2262   0.7325   0.2002  -0.1242  -0.0152  -0.2064  -0.1696   0.0009   0.0000  -0.0628   0.0180   -0.120
    44  -4.4865   0.6544   0.1612  -0.1349  -0.0233  -0.2510  -0.2063   0.0016   0.0000  -0.0637   0.0108   -0.059
    45  -4.7177   0.5851   0.1260  -0.1413  -0.0339  -0.2940  -0.2416   0.0025   0.0000  -0.0654   0.0045   -0.021
    46  -4.9163   0.5256   0.0951  -0.1405  -0.0472  -0.3253  -0.2673   0.0031   0.0000  -0.0687   0.0017   -0.007
    47  -5.0790   0.4768   0.0686  -0.1288  -0.0618  -0.3288  -0.2702   0.0028   0.0000  -0.0735   0.0053   -0.022
    48  -5.2034   0.4395   0.0459  -0.1037  -0.0730  -0.2872  -0.2360   0.0007   0.0000  -0.0762   0.0152   -0.073
    49  -5.2874   0.4143   0.0262  -0.0664  -0.0757  -0.1952  -0.1604  -0.0026   0.0000  -0.0652   0.0222   -0.157
    50  -5.3297   0.4016   0.0085  -0.0226  -0.0724  -0.0687  -0.0564  -0.0040   0.0000  -0.0277   0.0120   -0.241

  Surface # 3     vertical_stabilizer                     
     # Chordwise = 10   # Spanwise = 25     First strip = 51
     Surface area =    0.624999       Ave. chord =    1.249999
     CLsurf  =   0.00000     Clsurf  =  -0.00000
     CYsurf  =  -0.00000     Cmsurf  =  -0.00000
     CDsurf  =  -0.00000     Cnsurf  =   0.00000
     CDisurf =  -0.00000     CDvsurf =   0.00000

  Forces referred to Ssurf, Cave about hinge axis thru LE
     CLsurf  =   0.00000     CDsurf  =  -0.00000
     Deflect =

 Strip Forces referred to Strip Area, Chord
    j      Yle    Chord     Area     c cl      ai      cl_norm  cl       cd       cdv    cm_c/4    cm_LE  C.P.x/c
    51   0.0000   1.4980   0.0074   0.0000   0.0000   0.0000   0.0000   0.0000   0.0000   0.0000   0.0000   -0.316
    52   0.0000   1.4913   0.0126   0.0000   0.0000   0.0000   0.0000  -0.0000   0.0000   0.0000   0.0000   -0.373
    53   0.0000   1.4812   0.0175   0.0000   0.0000   0.0000   0.0000   0.0000   0.0000   0.0000   0.0000   -0.394
    54   0.0000   1.4677   0.0222   0.0000   0.0000   0.0000   0.0000   0.0000   0.0000   0.0000   0.0000   -0.556
    55   0.0000   1.4510   0.0263   0.0000   0.0000   0.0000   0.0000   0.0000   0.0000   0.0000   0.0000   -0.745
    56   0.0000   1.4314   0.0300   0.0000   0.0000   0.0000   0.0000  -0.0000   0.0000   0.0000   0.0000
    57   0.0000   1.4092   0.0331   0.0000   0.0000   0.0000   0.0000  -0.0000   0.0000   0.0000   0.0000   -0.273
    58   0.0000   1.3846   0.0355   0.0000   0.0000   0.0000   0.0000  -0.0000   0.0000   0.0000   0.0000   -0.203
    59   0.0000   1.3579   0.0373   0.0000   0.0000   0.0000   0.0000   0.0000   0.0000   0.0000   0.0000   -0.051
    60   0.0000   1.3297   0.0384   0.0000   0.0000   0.0000   0.0000  -0.0000   0.0000   0.0000   0.0000   -0.029
    61   0.0000   1.3003   0.0388   0.0000   0.0000   0.0000   0.0000  -0.0000   0.0000   0.0000   0.0000   -0.019
    62   0.0000   1.2701   0.0386   0.0000   0.0000   0.0000   0.0000  -0.0000   0.0000   0.0000  -0.0000    0.026
    63   0.0000   1.2396   0.0378   0.0000  -0.0000   0.0000   0.0000  -0.0000   0.0000   0.0000   0.0000   -0.129
    64   0.0000   1.2093   0.0364   0.0000   0.0000   0.0000   0.0000  -0.0000   0.0000   0.0000   0.0000   -0.168
    65   0.0000   1.1795   0.0346   0.0000  -0.0000   0.0000   0.0000   0.0000   0.0000   0.0000   0.0000   -0.230
    66   0.0000   1.1508   0.0323   0.0000  -0.0000   0.0000   0.0000  -0.0000   0.0000   0.0000   0.0000   -0.280
    67   0.0000   1.1236   0.0296   0.0000  -0.0000   0.0000   0.0000   0.0000   0.0000   0.0000   0.0000   -0.681
    68   0.0000   1.0982   0.0267   0.0000  -0.0000   0.0000   0.0000   0.0000   0.0000   0.0000   0.0000   -0.615
    69   0.0000   1.0751   0.0235   0.0000   0.0000   0.0000   0.0000  -0.0000   0.0000   0.0000   0.0000   -0.404
    70   0.0000   1.0546   0.0201   0.0000   0.0000   0.0000   0.0000  -0.0000   0.0000   0.0000   0.0000   -0.488
    71   0.0000   1.0370   0.0166   0.0000   0.0000   0.0000   0.0000   0.0000   0.0000   0.0000   0.0000   -0.825
    72   0.0000   1.0226   0.0130   0.0000  -0.0000   0.0000   0.0000  -0.0000   0.0000   0.0000   0.0000
    73   0.0000   1.0116   0.0093   0.0000   0.0000   0.0000   0.0000  -0.0000   0.0000   0.0000   0.0000   -0.854
    74   0.0000   1.0042   0.0056   0.0000  -0.0000   0.0000   0.0000   0.0000   0.0000   0.0000   0.0000
    75   0.0000   1.0005   0.0019   0.0000  -0.0000   0.0000   0.0000  -0.0000   0.0000   0.0000   0.0000   -0.400
 ---------------------------------------------------------------
