 ---------------------------------------------------------------
 Surface and Strip Forces by surface

  Forces referred to Sref, Cref, Bref about Xref, Yref, Zref
 Standard axis orientation,  X fwd, Z down         

  Surface # 1     main_wing                               
     # Chordwise = 10   # Spanwise = 25     First strip =  1
     Surface area =    7.861920       Ave. chord =    1.473425
     CLsurf  =  -0.03633     Clsurf  =   0.00869
     CYsurf  =   0.00025     Cmsurf  =  -0.00024
     CDsurf  =   0.00034     Cnsurf  =  -0.00021
     CDisurf =   0.00034     CDvsurf =   0.00000

  Forces referred to Ssurf, Cave about hinge axis thru LE
     CLsurf  =  -0.07261     CDsurf  =   0.00068
     Deflect =

 Strip Forces referred to Strip Area, Chord
    j      Yle    Chord     Area     c cl      ai      cl_norm  cl       cd       cdv    cm_c/4    cm_LE  C.P.x/c
     1   0.0062   3.3979   0.0842  -0.1336  -0.0132  -0.0393  -0.0386   0.0221   0.0000  -0.0585  -0.0475
     2   0.0556   3.3815   0.2500  -0.1407  -0.0133  -0.0423  -0.0415   0.0037   0.0000  -0.0589  -0.0474
     3   0.1538   3.3487   0.4083  -0.1405  -0.0125  -0.0427  -0.0419   0.0022   0.0000  -0.0594  -0.0477
     4   0.2990   3.3003   0.5545  -0.1384  -0.0103  -0.0427  -0.0419   0.0016   0.0000  -0.0594  -0.0477
     5   0.4891   3.2370   0.6844  -0.1347  -0.0058  -0.0424  -0.0416   0.0016   0.0000  -0.0581  -0.0466
     6   0.6904   3.0342   0.5705  -0.1352  -0.0104  -0.0452  -0.0445   0.0010   0.0000  -0.0569  -0.0396
     7   0.8923   2.6641   0.5728  -0.1354  -0.0157  -0.0517  -0.0509  -0.0000   0.0000  -0.0582  -0.0394   -0.894
     8   1.1195   2.2475   0.5363  -0.1294  -0.0153  -0.0585  -0.0576  -0.0006   0.0000  -0.0597  -0.0392   -0.785
     9   1.3685   1.7910   0.4629  -0.1160  -0.0121  -0.0659  -0.0649  -0.0011   0.0000  -0.0621  -0.0397   -0.707
    10   1.6551   1.5035   0.4723  -0.0903   0.0048  -0.0732  -0.0602  -0.0010   0.0000  -0.0647  -0.0437   -0.825
    11   1.9763   1.4072   0.4605  -0.0730   0.0100  -0.0632  -0.0519  -0.0006   0.0000  -0.0634  -0.0444   -0.970
    12   2.3081   1.3077   0.4383  -0.0669   0.0095  -0.0623  -0.0512  -0.0005   0.0000  -0.0629  -0.0441   -0.979
    13   2.6452   1.2066   0.4076  -0.0682   0.0072  -0.0688  -0.0565  -0.0004   0.0000  -0.0627  -0.0428   -0.860
    14   2.9824   1.1055   0.3705  -0.0750   0.0042  -0.0826  -0.0679  -0.0003   0.0000  -0.0627  -0.0402   -0.673
    15   3.3142   1.0060   0.3292  -0.0855   0.0006  -0.1035  -0.0850  -0.0002   0.0000  -0.0627  -0.0365   -0.487
    16   3.6354   0.9097   0.2857  -0.0982  -0.0037  -0.1315  -0.1081   0.0000   0.0000  -0.0628  -0.0315   -0.331
    17   3.9410   0.8180   0.2422  -0.1119  -0.0089  -0.1665  -0.1368   0.0005   0.0000  -0.0630  -0.0253   -0.210
    18   4.2262   0.7325   0.2002  -0.1249  -0.0153  -0.2076  -0.1706   0.0009   0.0000  -0.0634  -0.0183   -0.121
    19   4.4865   0.6544   0.1612  -0.1357  -0.0235  -0.2524  -0.2074   0.0017   0.0000  -0.0643  -0.0110   -0.060
    20   4.7177   0.5851   0.1260  -0.1421  -0.0341  -0.2956  -0.2429   0.0025   0.0000  -0.0661  -0.0048   -0.022
    21   4.9163   0.5256   0.0951  -0.1412  -0.0474  -0.3269  -0.2686   0.0031   0.0000  -0.0693  -0.0020   -0.008
    22   5.0790   0.4768   0.0686  -0.1293  -0.0620  -0.3302  -0.2714   0.0028   0.0000  -0.0742  -0.0057   -0.023
    23   5.2034   0.4395   0.0459  -0.1040  -0.0730  -0.2882  -0.2368   0.0006   0.0000  -0.0769  -0.0156   -0.075
    24   5.2874   0.4143   0.0262  -0.0666  -0.0757  -0.1958  -0.1609  -0.0027   0.0000  -0.0657  -0.0225   -0.158
    25   5.3297   0.4016   0.0085  -0.0227  -0.0725  -0.0689  -0.0566  -0.0042   0.0000  -0.0279  -0.0121   -0.243

  Surface # 2     main_wing (YDUP)                        
     # Chordwise = 10   # Spanwise = 25     First strip = 26
     Surface area =    7.861920       Ave. chord =    1.473425
     CLsurf  =  -0.03632     Clsurf  =  -0.00869
     CYsurf  =  -0.00026     Cmsurf  =  -0.00025
     CDsurf  =   0.00034     Cnsurf  =   0.00021
     CDisurf =   0.00034     CDvsurf =   0.00000

  Forces referred to Ssurf, Cave about hinge axis thru LE
     CLsurf  =  -0.07260     CDsurf  =   0.00067
     Deflect =

 Strip Forces referred to Strip Area, Chord
    j      Yle    Chord     Area     c cl      ai      cl_norm  cl       cd       cdv    cm_c/4    cm_LE  C.P.x/c
    26  -0.0062   3.3979   0.0842  -0.1336  -0.0132  -0.0393  -0.0386   0.0221   0.0000  -0.0585   0.0475
    27  -0.0556   3.3815   0.2500  -0.1407  -0.0133  -0.0423  -0.0415   0.0037   0.0000  -0.0589   0.0474
    28  -0.1538   3.3487   0.4083  -0.1405  -0.0125  -0.0427  -0.0419   0.0022   0.0000  -0.0594   0.0477
    29  -0.2990   3.3003   0.5545  -0.1384  -0.0103  -0.0427  -0.0419   0.0016   0.0000  -0.0594   0.0477
    30  -0.4891   3.2370   0.6844  -0.1347  -0.0058  -0.0424  -0.0416   0.0016   0.0000  -0.0581   0.0466
    31  -0.6904   3.0342   0.5705  -0.1352  -0.0104  -0.0452  -0.0445   0.0010   0.0000  -0.0569   0.0396
    32  -0.8923   2.6641   0.5728  -0.1354  -0.0157  -0.0517  -0.0509  -0.0000   0.0000  -0.0582   0.0394   -0.894
    33  -1.1195   2.2475   0.5363  -0.1294  -0.0153  -0.0585  -0.0576  -0.0006   0.0000  -0.0597   0.0392   -0.785
    34  -1.3685   1.7910   0.4629  -0.1160  -0.0121  -0.0659  -0.0649  -0.0011   0.0000  -0.0621   0.0397   -0.707
    35  -1.6551   1.5035   0.4723  -0.0901   0.0048  -0.0730  -0.0600  -0.0010   0.0000  -0.0646   0.0437   -0.827
    36  -1.9763   1.4072   0.4605  -0.0730   0.0100  -0.0632  -0.0520  -0.0006   0.0000  -0.0634   0.0444   -0.970
    37  -2.3081   1.3077   0.4383  -0.0669   0.0095  -0.0623  -0.0512  -0.0005   0.0000  -0.0629   0.0441   -0.979
    38  -2.6452   1.2066   0.4076  -0.0682   0.0072  -0.0688  -0.0565  -0.0004   0.0000  -0.0627   0.0428   -0.860
    39  -2.9824   1.1055   0.3705  -0.0750   0.0042  -0.0826  -0.0679  -0.0003   0.0000  -0.0627   0.0402   -0.673
    40  -3.3142   1.0060   0.3292  -0.0855   0.0006  -0.1035  -0.0850  -0.0002   0.0000  -0.0627   0.0365   -0.487
    41  -3.6354   0.9097   0.2857  -0.0982  -0.0037  -0.1315  -0.1081   0.0000   0.0000  -0.0628   0.0315   -0.331
    42  -3.9410   0.8180   0.2422  -0.1119  -0.0089  -0.1665  -0.1368   0.0004   0.0000  -0.0630   0.0253   -0.210
    43  -4.2262   0.7325   0.2002  -0.1249  -0.0153  -0.2076  -0.1706   0.0009   0.0000  -0.0634   0.0183   -0.121
    44  -4.4865   0.6544   0.1612  -0.1357  -0.0235  -0.2524  -0.2074   0.0017   0.0000  -0.0643   0.0110   -0.060
    45  -4.7177   0.5851   0.1260  -0.1421  -0.0341  -0.2956  -0.2429   0.0025   0.0000  -0.0661   0.0048   -0.022
    46  -4.9163   0.5256   0.0951  -0.1412  -0.0474  -0.3269  -0.2686   0.0031   0.0000  -0.0693   0.0020   -0.008
    47  -5.0790   0.4768   0.0686  -0.1293  -0.0620  -0.3302  -0.2714   0.0028   0.0000  -0.0742   0.0057   -0.023
    48  -5.2034   0.4395   0.0459  -0.1040  -0.0730  -0.2882  -0.2368   0.0006   0.0000  -0.0769   0.0156   -0.075
    49  -5.2874   0.4143   0.0262  -0.0666  -0.0757  -0.1958  -0.1609  -0.0027   0.0000  -0.0657   0.0225   -0.158
    50  -5.3297   0.4016   0.0085  -0.0227  -0.0725  -0.0689  -0.0566  -0.0042   0.0000  -0.0279   0.0121   -0.243

  Surface # 3     vertical_stabilizer                     
     # Chordwise = 10   # Spanwise = 25     First strip = 51
     Surface area =    0.624999       Ave. chord =    1.249999
     CLsurf  =   0.00000     Clsurf  =  -0.00000
     CYsurf  =  -0.00000     Cmsurf  =  -0.00000
     CDsurf  =  -0.00000     Cnsurf  =   0.00000
     CDisurf =  -0.00000     CDvsurf =   0.00000

  Forces referred to Ssurf, Cave about hinge axis thru LE
     CLsurf  =   0.00000     CDsurf  =  -0.00000
     Deflect =

 Strip Forces referred to Strip Area, Chord
    j      Yle    Chord     Area     c cl      ai      cl_norm  cl       cd       cdv    cm_c/4    cm_LE  C.P.x/c
    51   0.0000   1.4980   0.0074   0.0000  -0.0000   0.0000   0.0000  -0.0000   0.0000   0.0000   0.0000
    52   0.0000   1.4913   0.0126   0.0000  -0.0000   0.0000   0.0000   0.0000   0.0000   0.0000   0.0000   -0.335
    53   0.0000   1.4812   0.0175   0.0000  -0.0000   0.0000   0.0000   0.0000   0.0000   0.0000   0.0000
    54   0.0000   1.4677   0.0222   0.0000  -0.0000   0.0000   0.0000   0.0000   0.0000   0.0000   0.0000
    55   0.0000   1.4510   0.0263   0.0000  -0.0000   0.0000   0.0000   0.0000   0.0000   0.0000   0.0000   -0.956
    56   0.0000   1.4314   0.0300   0.0000   0.0000   0.0000   0.0000  -0.0000   0.0000   0.0000   0.0000   -0.604
    57   0.0000   1.4092   0.0331   0.0000  -0.0000   0.0000   0.0000  -0.0000   0.0000   0.0000   0.0000   -0.065
    58   0.0000   1.3846   0.0355   0.0000  -0.0000   0.0000   0.0000  -0.0000   0.0000   0.0000   0.0000   -0.556
    59   0.0000   1.3579   0.0373   0.0000  -0.0000   0.0000   0.0000  -0.0000   0.0000   0.0000   0.0000   -0.331
    60   0.0000   1.3297   0.0384   0.0000   0.0000   0.0000   0.0000   0.0000   0.0000   0.0000   0.0000   -0.352
    61   0.0000   1.3003   0.0388   0.0000  -0.0000   0.0000   0.0000   0.0000   0.0000   0.0000   0.0000   -0.009
    62   0.0000   1.2701   0.0386   0.0000   0.0000   0.0000   0.0000  -0.0000   0.0000   0.0000   0.0000   -0.296
    63   0.0000   1.2396   0.0378   0.0000  -0.0000   0.0000   0.0000  -0.0000   0.0000   0.0000   0.0000
    64   0.0000   1.2093   0.0364   0.0000  -0.0000   0.0000   0.0000   0.0000   0.0000  -0.0000  -0.0000    0.308
    65   0.0000   1.1795   0.0346   0.0000  -0.0000   0.0000   0.0000   0.0000   0.0000   0.0000  -0.0000    0.235
    66   0.0000   1.1508   0.0323   0.0000  -0.0000   0.0000   0.0000  -0.0000   0.0000   0.0000   0.0000   -0.062
    67   0.0000   1.1236   0.0296   0.0000  -0.0000   0.0000   0.0000   0.0000   0.0000  -0.0000  -0.0000    0.293
    68   0.0000   1.0982   0.0267   0.0000  -0.0000   0.0000   0.0000  -0.0000   0.0000   0.0000  -0.0000    0.146
    69   0.0000   1.0751   0.0235   0.0000  -0.0000   0.0000   0.0000   0.0000   0.0000   0.0000  -0.0000    0.192
    70   0.0000   1.0546   0.0201   0.0000  -0.0000   0.0000   0.0000  -0.0000   0.0000   0.0000  -0.0000    0.204
    71   0.0000   1.0370   0.0166   0.0000  -0.0000   0.0000   0.0000  -0.0000   0.0000   0.0000  -0.0000    0.228
    72   0.0000   1.0226   0.0130  -0.0000  -0.0000  -0.0000  -0.0000  -0.0000   0.0000   0.0000   0.0000
    73   0.0000   1.0116   0.0093   0.0000  -0.0000   0.0000   0.0000  -0.0000   0.0000  -0.0000  -0.0000    0.262
    74   0.0000   1.0042   0.0056   0.0000  -0.0000   0.0000   0.0000   0.0000   0.0000   0.0000  -0.0000    0.222
    75   0.0000   1.0005   0.0019   0.0000  -0.0000   0.0000   0.0000   0.0000   0.0000   0.0000  -0.0000    0.021
 ---------------------------------------------------------------
