 ---------------------------------------------------------------
 Surface and Strip Forces by surface

  Forces referred to Sref, Cref, Bref about Xref, Yref, Zref
 Standard axis orientation,  X fwd, Z down         

  Surface # 1     main_wing                               
     # Chordwise = 10   # Spanwise = 25     First strip =  1
     Surface area =    7.861920       Ave. chord =    1.473425
     CLsurf  =   0.22415     Clsurf  =  -0.04144
     CYsurf  =  -0.00534     Cmsurf  =  -0.26203
     CDsurf  =   0.00489     Cnsurf  =  -0.00194
     CDisurf =   0.00489     CDvsurf =   0.00000

  Forces referred to Ssurf, Cave about hinge axis thru LE
     CLsurf  =   0.44812     CDsurf  =   0.00977
     Deflect =

 Strip Forces referred to Strip Area, Chord
    j      Yle    Chord     Area     c cl      ai      cl_norm  cl       cd       cdv    cm_c/4    cm_LE  C.P.x/c
     1   0.0062   3.3979   0.0842   1.0506   0.0781   0.3140   0.3078   0.0299   0.0000  -0.0583  -0.1324    0.439
     2   0.0556   3.3815   0.2500   1.0362   0.0775   0.3128   0.3067   0.0110   0.0000  -0.0576  -0.1311    0.438
     3   0.1538   3.3487   0.4083   1.0341   0.0779   0.3153   0.3091   0.0102   0.0000  -0.0574  -0.1314    0.436
     4   0.2990   3.3003   0.5545   1.0302   0.0798   0.3187   0.3124   0.0105   0.0000  -0.0566  -0.1314    0.431
     5   0.4891   3.2370   0.6844   1.0204   0.0847   0.3219   0.3155   0.0106   0.0000  -0.0547  -0.1303    0.423
     6   0.6904   3.0342   0.5705   0.9944   0.0740   0.3332   0.3280   0.0114   0.0000  -0.0534  -0.1172    0.413
     7   0.8923   2.6641   0.5728   0.9557   0.0577   0.3647   0.3590   0.0130   0.0000  -0.0548  -0.1251    0.403
     8   1.1195   2.2475   0.5363   0.9102   0.0434   0.4117   0.4052   0.0151   0.0000  -0.0575  -0.1374    0.392
     9   1.3685   1.7910   0.4629   0.8593   0.0209   0.4876   0.4799   0.0195   0.0000  -0.0640  -0.1593    0.383
    10   1.6551   1.5035   0.4723   0.8270   0.0293   0.6700   0.5503   0.0212   0.0000  -0.0702  -0.1829    0.378
    11   1.9763   1.4072   0.4605   0.8015   0.0407   0.6943   0.5703   0.0170   0.0000  -0.0668  -0.1843    0.367
    12   2.3081   1.3077   0.4383   0.7639   0.0414   0.7126   0.5853   0.0130   0.0000  -0.0651  -0.1859    0.361
    13   2.6452   1.2066   0.4076   0.7160   0.0389   0.7242   0.5948   0.0093   0.0000  -0.0642  -0.1872    0.358
    14   2.9824   1.1055   0.3705   0.6597   0.0348   0.7288   0.5986   0.0058   0.0000  -0.0637  -0.1875    0.356
    15   3.3142   1.0060   0.3292   0.5975   0.0300   0.7256   0.5960   0.0025   0.0000  -0.0634  -0.1866    0.356
    16   3.6354   0.9097   0.2857   0.5313   0.0247   0.7139   0.5864  -0.0007   0.0000  -0.0632  -0.1843    0.358
    17   3.9410   0.8180   0.2422   0.4634   0.0190   0.6928   0.5690  -0.0036   0.0000  -0.0630  -0.1802    0.361
    18   4.2262   0.7325   0.2002   0.3959   0.0133   0.6612   0.5430  -0.0062   0.0000  -0.0627  -0.1742    0.365
    19   4.4865   0.6544   0.1612   0.3306   0.0076   0.6182   0.5078  -0.0083   0.0000  -0.0623  -0.1660    0.373
    20   4.7177   0.5851   0.1260   0.2692   0.0024   0.5634   0.4627  -0.0097   0.0000  -0.0615  -0.1554    0.383
    21   4.9163   0.5256   0.0951   0.2130  -0.0015   0.4963   0.4077  -0.0104   0.0000  -0.0600  -0.1420    0.397
    22   5.0790   0.4768   0.0686   0.1620  -0.0029   0.4165   0.3421  -0.0101   0.0000  -0.0568  -0.1248    0.416
    23   5.2034   0.4395   0.0459   0.1154  -0.0001   0.3218   0.2643  -0.0087   0.0000  -0.0501  -0.1019    0.439
    24   5.2874   0.4143   0.0262   0.0703   0.0076   0.2082   0.1710  -0.0061   0.0000  -0.0367  -0.0697    0.465
    25   5.3297   0.4016   0.0085   0.0239   0.0164   0.0731   0.0601  -0.0027   0.0000  -0.0143  -0.0257    0.488

  Surface # 2     main_wing (YDUP)                        
     # Chordwise = 10   # Spanwise = 25     First strip = 26
     Surface area =    7.861920       Ave. chord =    1.473425
     CLsurf  =   0.22415     Clsurf  =   0.04144
     CYsurf  =   0.00534     Cmsurf  =  -0.26203
     CDsurf  =   0.00489     Cnsurf  =   0.00194
     CDisurf =   0.00489     CDvsurf =   0.00000

  Forces referred to Ssurf, Cave about hinge axis thru LE
     CLsurf  =   0.44812     CDsurf  =   0.00977
     Deflect =

 Strip Forces referred to Strip Area, Chord
    j      Yle    Chord     Area     c cl      ai      cl_norm  cl       cd       cdv    cm_c/4    cm_LE  C.P.x/c
    26  -0.0062   3.3979   0.0842   1.0506   0.0781   0.3140   0.3078   0.0299   0.0000  -0.0583   0.1324    0.439
    27  -0.0556   3.3815   0.2500   1.0362   0.0775   0.3128   0.3067   0.0110   0.0000  -0.0576   0.1311    0.438
    28  -0.1538   3.3487   0.4083   1.0341   0.0779   0.3153   0.3091   0.0102   0.0000  -0.0574   0.1314    0.436
    29  -0.2990   3.3003   0.5545   1.0302   0.0798   0.3187   0.3124   0.0105   0.0000  -0.0566   0.1314    0.431
    30  -0.4891   3.2370   0.6844   1.0204   0.0847   0.3219   0.3155   0.0106   0.0000  -0.0547   0.1303    0.423
    31  -0.6904   3.0342   0.5705   0.9944   0.0740   0.3332   0.3280   0.0114   0.0000  -0.0534   0.1172    0.413
    32  -0.8923   2.6641   0.5728   0.9557   0.0577   0.3647   0.3590   0.0130   0.0000  -0.0548   0.1251    0.403
    33  -1.1195   2.2475   0.5363   0.9102   0.0434   0.4117   0.4052   0.0151   0.0000  -0.0575   0.1374    0.392
    34  -1.3685   1.7910   0.4629   0.8593   0.0209   0.4876   0.4799   0.0195   0.0000  -0.0640   0.1593    0.383
    35  -1.6551   1.5035   0.4723   0.8270   0.0293   0.6700   0.5503   0.0212   0.0000  -0.0702   0.1829    0.378
    36  -1.9763   1.4072   0.4605   0.8015   0.0407   0.6943   0.5703   0.0169   0.0000  -0.0668   0.1843    0.367
    37  -2.3081   1.3077   0.4383   0.7639   0.0414   0.7126   0.5853   0.0130   0.0000  -0.0651   0.1859    0.361
    38  -2.6452   1.2066   0.4076   0.7160   0.0389   0.7242   0.5948   0.0092   0.0000  -0.0642   0.1872    0.358
    39  -2.9824   1.1055   0.3705   0.6597   0.0348   0.7288   0.5986   0.0058   0.0000  -0.0637   0.1875    0.356
    40  -3.3142   1.0060   0.3292   0.5975   0.0300   0.7256   0.5960   0.0025   0.0000  -0.0634   0.1866    0.356
    41  -3.6354   0.9097   0.2857   0.5313   0.0247   0.7139   0.5864  -0.0007   0.0000  -0.0632   0.1843    0.358
    42  -3.9410   0.8180   0.2422   0.4634   0.0190   0.6928   0.5690  -0.0036   0.0000  -0.0630   0.1802    0.361
    43  -4.2262   0.7325   0.2002   0.3959   0.0133   0.6612   0.5430  -0.0062   0.0000  -0.0627   0.1742    0.365
    44  -4.4865   0.6544   0.1612   0.3306   0.0076   0.6182   0.5078  -0.0083   0.0000  -0.0623   0.1660    0.373
    45  -4.7177   0.5851   0.1260   0.2692   0.0024   0.5634   0.4627  -0.0097   0.0000  -0.0615   0.1554    0.383
    46  -4.9163   0.5256   0.0951   0.2130  -0.0015   0.4963   0.4077  -0.0104   0.0000  -0.0600   0.1420    0.397
    47  -5.0790   0.4768   0.0686   0.1620  -0.0029   0.4165   0.3421  -0.0101   0.0000  -0.0568   0.1248    0.416
    48  -5.2034   0.4395   0.0459   0.1154  -0.0001   0.3218   0.2643  -0.0087   0.0000  -0.0501   0.1019    0.439
    49  -5.2874   0.4143   0.0262   0.0703   0.0076   0.2082   0.1710  -0.0061   0.0000  -0.0367   0.0697    0.465
    50  -5.3297   0.4016   0.0085   0.0239   0.0164   0.0731   0.0601  -0.0027   0.0000  -0.0143   0.0257    0.488

  Surface # 3     vertical_stabilizer                     
     # Chordwise = 10   # Spanwise = 25     First strip = 51
     Surface area =    0.624999       Ave. chord =    1.249999
     CLsurf  =   0.00000     Clsurf  =  -0.00000
     CYsurf  =  -0.00000     Cmsurf  =  -0.00000
     CDsurf  =  -0.00000     Cnsurf  =   0.00000
     CDisurf =  -0.00000     CDvsurf =   0.00000

  Forces referred to Ssurf, Cave about hinge axis thru LE
     CLsurf  =   0.00000     CDsurf  =  -0.00000
     Deflect =

 Strip Forces referred to Strip Area, Chord
    j      Yle    Chord     Area     c cl      ai      cl_norm  cl       cd       cdv    cm_c/4    cm_LE  C.P.x/c
    51   0.0000   1.4980   0.0074   0.0000   0.0000   0.0000   0.0000  -0.0000   0.0000  -0.0000  -0.0000    0.314
    52   0.0000   1.4913   0.0126   0.0000  -0.0000   0.0000   0.0000   0.0000   0.0000  -0.0000  -0.0000    0.326
    53   0.0000   1.4812   0.0175   0.0000  -0.0000   0.0000   0.0000  -0.0000   0.0000  -0.0000  -0.0000    0.296
    54   0.0000   1.4677   0.0222   0.0000   0.0000   0.0000   0.0000  -0.0000   0.0000  -0.0000  -0.0000    0.326
    55   0.0000   1.4510   0.0263   0.0000  -0.0000   0.0000   0.0000   0.0000   0.0000  -0.0000  -0.0000    0.320
    56   0.0000   1.4314   0.0300   0.0000   0.0000   0.0000   0.0000  -0.0000   0.0000  -0.0000  -0.0000    0.323
    57   0.0000   1.4092   0.0331   0.0000   0.0000   0.0000   0.0000  -0.0000   0.0000  -0.0000  -0.0000    0.334
    58   0.0000   1.3846   0.0355   0.0000   0.0000   0.0000   0.0000   0.0000   0.0000  -0.0000  -0.0000    0.368
    59   0.0000   1.3579   0.0373   0.0000   0.0000   0.0000   0.0000  -0.0000   0.0000  -0.0000  -0.0000    0.365
    60   0.0000   1.3297   0.0384   0.0000   0.0000   0.0000   0.0000   0.0000   0.0000  -0.0000  -0.0000    0.305
    61   0.0000   1.3003   0.0388   0.0000  -0.0000   0.0000   0.0000   0.0000   0.0000  -0.0000  -0.0000    0.282
    62   0.0000   1.2701   0.0386   0.0000   0.0000   0.0000   0.0000  -0.0000   0.0000   0.0000  -0.0000    0.097
    63   0.0000   1.2396   0.0378   0.0000   0.0000   0.0000   0.0000  -0.0000   0.0000   0.0000  -0.0000    0.222
    64   0.0000   1.2093   0.0364   0.0000   0.0000   0.0000   0.0000  -0.0000   0.0000   0.0000  -0.0000    0.167
    65   0.0000   1.1795   0.0346   0.0000   0.0000   0.0000   0.0000  -0.0000   0.0000   0.0000  -0.0000    0.076
    66   0.0000   1.1508   0.0323   0.0000   0.0000   0.0000   0.0000  -0.0000   0.0000   0.0000  -0.0000    0.200
    67   0.0000   1.1236   0.0296   0.0000   0.0000   0.0000   0.0000   0.0000   0.0000   0.0000  -0.0000    0.193
    68   0.0000   1.0982   0.0267   0.0000  -0.0000   0.0000   0.0000  -0.0000   0.0000   0.0000  -0.0000    0.137
    69   0.0000   1.0751   0.0235   0.0000   0.0000   0.0000   0.0000   0.0000   0.0000   0.0000  -0.0000    0.156
    70   0.0000   1.0546   0.0201   0.0000   0.0000   0.0000   0.0000  -0.0000   0.0000   0.0000  -0.0000    0.220
    71   0.0000   1.0370   0.0166   0.0000   0.0000   0.0000   0.0000  -0.0000   0.0000  -0.0000  -0.0000    0.307
    72   0.0000   1.0226   0.0130   0.0000   0.0000   0.0000   0.0000   0.0000   0.0000  -0.0000  -0.0000    0.281
    73   0.0000   1.0116   0.0093   0.0000   0.0000   0.0000   0.0000  -0.0000   0.0000  -0.0000  -0.0000    0.322
    74   0.0000   1.0042   0.0056   0.0000   0.0000   0.0000   0.0000  -0.0000   0.0000  -0.0000  -0.0000    0.306
    75   0.0000   1.0005   0.0019   0.0000   0.0000   0.0000   0.0000   0.0000   0.0000  -0.0000  -0.0000    0.270
 ---------------------------------------------------------------
