 ---------------------------------------------------------------
 Surface and Strip Forces by surface

  Forces referred to Sref, Cref, Bref about Xref, Yref, Zref
 Standard axis orientation,  X fwd, Z down         

  Surface # 1     main_wing                               
     # Chordwise = 10   # Spanwise = 25     First strip =  1
     Surface area =    7.861920       Ave. chord =    1.473425
     CLsurf  =   0.32676     Clsurf  =  -0.06154
     CYsurf  =  -0.00897     Cmsurf  =  -0.37126
     CDsurf  =   0.01020     Cnsurf  =  -0.00452
     CDisurf =   0.01020     CDvsurf =   0.00000

  Forces referred to Ssurf, Cave about hinge axis thru LE
     CLsurf  =   0.65329     CDsurf  =   0.02038
     Deflect =

 Strip Forces referred to Strip Area, Chord
    j      Yle    Chord     Area     c cl      ai      cl_norm  cl       cd       cdv    cm_c/4    cm_LE  C.P.x/c
     1   0.0062   3.3979   0.0842   1.5100   0.1108   0.4468   0.4379   0.0795   0.0000  -0.0644  -0.1714    0.397
     2   0.0556   3.3815   0.2500   1.4773   0.1102   0.4457   0.4368   0.0270   0.0000  -0.0633  -0.1685    0.395
     3   0.1538   3.3487   0.4083   1.4731   0.1104   0.4491   0.4402   0.0243   0.0000  -0.0629  -0.1688    0.393
     4   0.2990   3.3003   0.5545   1.4667   0.1122   0.4537   0.4448   0.0243   0.0000  -0.0617  -0.1688    0.389
     5   0.4891   3.2370   0.6844   1.4517   0.1168   0.4579   0.4489   0.0241   0.0000  -0.0594  -0.1675    0.382
     6   0.6904   3.0342   0.5705   1.4170   0.1032   0.4749   0.4674   0.0254   0.0000  -0.0583  -0.1517    0.375
     7   0.8923   2.6641   0.5728   1.3647   0.0825   0.5209   0.5127   0.0278   0.0000  -0.0602  -0.1631    0.367
     8   1.1195   2.2475   0.5363   1.3014   0.0627   0.5889   0.5796   0.0309   0.0000  -0.0640  -0.1809    0.360
     9   1.3685   1.7910   0.4629   1.2294   0.0309   0.6980   0.6870   0.0373   0.0000  -0.0735  -0.2124    0.357
    10   1.6551   1.5035   0.4723   1.1798   0.0390   0.9559   0.7859   0.0386   0.0000  -0.0823  -0.2454    0.355
    11   1.9763   1.4072   0.4605   1.1433   0.0541   0.9909   0.8147   0.0316   0.0000  -0.0775  -0.2473    0.345
    12   2.3081   1.3077   0.4383   1.0932   0.0559   1.0208   0.8392   0.0245   0.0000  -0.0747  -0.2501    0.339
    13   2.6452   1.2066   0.4076   1.0307   0.0537   1.0441   0.8584   0.0180   0.0000  -0.0731  -0.2527    0.335
    14   2.9824   1.1055   0.3705   0.9580   0.0496   1.0602   0.8716   0.0117   0.0000  -0.0721  -0.2545    0.333
    15   3.3142   1.0060   0.3292   0.8773   0.0445   1.0678   0.8779   0.0054   0.0000  -0.0714  -0.2551    0.331
    16   3.6354   0.9097   0.2857   0.7911   0.0389   1.0658   0.8763  -0.0007   0.0000  -0.0709  -0.2541    0.331
    17   3.9410   0.8180   0.2422   0.7020   0.0330   1.0526   0.8654  -0.0065   0.0000  -0.0703  -0.2510    0.331
    18   4.2262   0.7325   0.2002   0.6122   0.0274   1.0260   0.8436  -0.0119   0.0000  -0.0694  -0.2454    0.332
    19   4.4865   0.6544   0.1612   0.5241   0.0224   0.9838   0.8088  -0.0164   0.0000  -0.0681  -0.2365    0.334
    20   4.7177   0.5851   0.1260   0.4391   0.0190   0.9226   0.7586  -0.0200   0.0000  -0.0657  -0.2233    0.337
    21   4.9163   0.5256   0.0951   0.3579   0.0179   0.8378   0.6888  -0.0221   0.0000  -0.0615  -0.2042    0.339
    22   5.0790   0.4768   0.0686   0.2798   0.0203   0.7224   0.5939  -0.0222   0.0000  -0.0540  -0.1769    0.341
    23   5.2034   0.4395   0.0459   0.2026   0.0263   0.5680   0.4670  -0.0195   0.0000  -0.0425  -0.1390    0.341
    24   5.2874   0.4143   0.0262   0.1240   0.0356   0.3688   0.3032  -0.0138   0.0000  -0.0273  -0.0900    0.340
    25   5.3297   0.4016   0.0085   0.0420   0.0441   0.1290   0.1061  -0.0061   0.0000  -0.0097  -0.0316    0.342

  Surface # 2     main_wing (YDUP)                        
     # Chordwise = 10   # Spanwise = 25     First strip = 26
     Surface area =    7.861920       Ave. chord =    1.473425
     CLsurf  =   0.32676     Clsurf  =   0.06154
     CYsurf  =   0.00897     Cmsurf  =  -0.37126
     CDsurf  =   0.01019     Cnsurf  =   0.00452
     CDisurf =   0.01019     CDvsurf =   0.00000

  Forces referred to Ssurf, Cave about hinge axis thru LE
     CLsurf  =   0.65329     CDsurf  =   0.02037
     Deflect =

 Strip Forces referred to Strip Area, Chord
    j      Yle    Chord     Area     c cl      ai      cl_norm  cl       cd       cdv    cm_c/4    cm_LE  C.P.x/c
    26  -0.0062   3.3979   0.0842   1.5100   0.1108   0.4468   0.4379   0.0795   0.0000  -0.0644   0.1714    0.397
    27  -0.0556   3.3815   0.2500   1.4773   0.1102   0.4457   0.4368   0.0270   0.0000  -0.0633   0.1685    0.395
    28  -0.1538   3.3487   0.4083   1.4731   0.1104   0.4491   0.4402   0.0243   0.0000  -0.0629   0.1688    0.393
    29  -0.2990   3.3003   0.5545   1.4667   0.1122   0.4537   0.4448   0.0243   0.0000  -0.0617   0.1688    0.389
    30  -0.4891   3.2370   0.6844   1.4517   0.1168   0.4579   0.4489   0.0241   0.0000  -0.0594   0.1675    0.382
    31  -0.6904   3.0342   0.5705   1.4170   0.1032   0.4749   0.4674   0.0254   0.0000  -0.0583   0.1517    0.375
    32  -0.8923   2.6641   0.5728   1.3647   0.0825   0.5209   0.5127   0.0278   0.0000  -0.0602   0.1631    0.367
    33  -1.1195   2.2475   0.5363   1.3014   0.0627   0.5889   0.5796   0.0309   0.0000  -0.0640   0.1809    0.360
    34  -1.3685   1.7910   0.4629   1.2294   0.0309   0.6980   0.6870   0.0373   0.0000  -0.0735   0.2124    0.357
    35  -1.6551   1.5035   0.4723   1.1798   0.0390   0.9559   0.7859   0.0386   0.0000  -0.0823   0.2454    0.355
    36  -1.9763   1.4072   0.4605   1.1433   0.0541   0.9909   0.8147   0.0315   0.0000  -0.0775   0.2473    0.345
    37  -2.3081   1.3077   0.4383   1.0932   0.0559   1.0208   0.8392   0.0245   0.0000  -0.0747   0.2501    0.339
    38  -2.6452   1.2066   0.4076   1.0307   0.0537   1.0441   0.8584   0.0180   0.0000  -0.0731   0.2527    0.335
    39  -2.9824   1.1055   0.3705   0.9579   0.0496   1.0601   0.8716   0.0117   0.0000  -0.0721   0.2545    0.333
    40  -3.3142   1.0060   0.3292   0.8773   0.0445   1.0679   0.8780   0.0053   0.0000  -0.0714   0.2551    0.331
    41  -3.6354   0.9097   0.2857   0.7911   0.0389   1.0658   0.8763  -0.0008   0.0000  -0.0709   0.2541    0.331
    42  -3.9410   0.8180   0.2422   0.7020   0.0330   1.0526   0.8654  -0.0065   0.0000  -0.0703   0.2510    0.331
    43  -4.2262   0.7325   0.2002   0.6122   0.0274   1.0260   0.8435  -0.0118   0.0000  -0.0694   0.2454    0.332
    44  -4.4865   0.6544   0.1612   0.5241   0.0224   0.9838   0.8088  -0.0164   0.0000  -0.0681   0.2365    0.334
    45  -4.7177   0.5851   0.1260   0.4391   0.0190   0.9226   0.7586  -0.0200   0.0000  -0.0657   0.2233    0.337
    46  -4.9163   0.5256   0.0951   0.3579   0.0179   0.8378   0.6888  -0.0221   0.0000  -0.0615   0.2042    0.339
    47  -5.0790   0.4768   0.0686   0.2798   0.0203   0.7224   0.5939  -0.0222   0.0000  -0.0540   0.1769    0.341
    48  -5.2034   0.4395   0.0459   0.2026   0.0263   0.5680   0.4670  -0.0195   0.0000  -0.0425   0.1390    0.341
    49  -5.2874   0.4143   0.0262   0.1240   0.0356   0.3688   0.3032  -0.0138   0.0000  -0.0273   0.0900    0.340
    50  -5.3297   0.4016   0.0085   0.0420   0.0441   0.1290   0.1061  -0.0061   0.0000  -0.0097   0.0316    0.342

  Surface # 3     vertical_stabilizer                     
     # Chordwise = 10   # Spanwise = 25     First strip = 51
     Surface area =    0.624999       Ave. chord =    1.249999
     CLsurf  =   0.00000     Clsurf  =   0.00000
     CYsurf  =   0.00000     Cmsurf  =  -0.00000
     CDsurf  =  -0.00000     Cnsurf  =  -0.00000
     CDisurf =  -0.00000     CDvsurf =   0.00000

  Forces referred to Ssurf, Cave about hinge axis thru LE
     CLsurf  =  -0.00000     CDsurf  =  -0.00000
     Deflect =

 Strip Forces referred to Strip Area, Chord
    j      Yle    Chord     Area     c cl      ai      cl_norm  cl       cd       cdv    cm_c/4    cm_LE  C.P.x/c
    51   0.0000   1.4980   0.0074  -0.0000   0.0000  -0.0000  -0.0000  -0.0000   0.0000  -0.0000  -0.0000
    52   0.0000   1.4913   0.0126  -0.0000  -0.0000  -0.0000  -0.0000  -0.0000   0.0000  -0.0000  -0.0000
    53   0.0000   1.4812   0.0175  -0.0000   0.0000  -0.0000  -0.0000  -0.0000   0.0000  -0.0000  -0.0000
    54   0.0000   1.4677   0.0222  -0.0000  -0.0000  -0.0000  -0.0000  -0.0000   0.0000  -0.0000  -0.0000
    55   0.0000   1.4510   0.0263  -0.0000  -0.0000  -0.0000  -0.0000  -0.0000   0.0000  -0.0000  -0.0000
    56   0.0000   1.4314   0.0300  -0.0000  -0.0000  -0.0000  -0.0000  -0.0000   0.0000  -0.0000  -0.0000
    57   0.0000   1.4092   0.0331  -0.0000  -0.0000  -0.0000  -0.0000   0.0000   0.0000  -0.0000  -0.0000
    58   0.0000   1.3846   0.0355   0.0000  -0.0000   0.0000   0.0000   0.0000   0.0000  -0.0000  -0.0000
    59   0.0000   1.3579   0.0373  -0.0000   0.0000  -0.0000  -0.0000   0.0000   0.0000  -0.0000  -0.0000
    60   0.0000   1.3297   0.0384  -0.0000   0.0000  -0.0000  -0.0000  -0.0000   0.0000  -0.0000  -0.0000
    61   0.0000   1.3003   0.0388  -0.0000  -0.0000  -0.0000  -0.0000  -0.0000   0.0000  -0.0000  -0.0000   -0.051
    62   0.0000   1.2701   0.0386  -0.0000   0.0000  -0.0000  -0.0000  -0.0000   0.0000  -0.0000   0.0000    0.021
    63   0.0000   1.2396   0.0378  -0.0000   0.0000  -0.0000  -0.0000  -0.0000   0.0000  -0.0000   0.0000    0.058
    64   0.0000   1.2093   0.0364  -0.0000   0.0000  -0.0000  -0.0000   0.0000   0.0000  -0.0000   0.0000    0.156
    65   0.0000   1.1795   0.0346  -0.0000   0.0000  -0.0000  -0.0000  -0.0000   0.0000   0.0000   0.0000    0.314
    66   0.0000   1.1508   0.0323  -0.0000   0.0000  -0.0000  -0.0000  -0.0000   0.0000  -0.0000   0.0000    0.176
    67   0.0000   1.1236   0.0296  -0.0000   0.0000  -0.0000  -0.0000  -0.0000   0.0000  -0.0000   0.0000    0.177
    68   0.0000   1.0982   0.0267  -0.0000   0.0000  -0.0000  -0.0000   0.0000   0.0000  -0.0000  -0.0000   -0.149
    69   0.0000   1.0751   0.0235  -0.0000   0.0000  -0.0000  -0.0000  -0.0000   0.0000  -0.0000   0.0000    0.163
    70   0.0000   1.0546   0.0201  -0.0000   0.0000  -0.0000  -0.0000  -0.0000   0.0000  -0.0000   0.0000    0.193
    71   0.0000   1.0370   0.0166  -0.0000   0.0000  -0.0000  -0.0000   0.0000   0.0000  -0.0000  -0.0000   -0.217
    72   0.0000   1.0226   0.0130  -0.0000   0.0000  -0.0000  -0.0000   0.0000   0.0000  -0.0000  -0.0000   -0.797
    73   0.0000   1.0116   0.0093  -0.0000   0.0000  -0.0000  -0.0000   0.0000   0.0000  -0.0000  -0.0000   -0.746
    74   0.0000   1.0042   0.0056  -0.0000   0.0000  -0.0000  -0.0000  -0.0000   0.0000  -0.0000  -0.0000   -0.338
    75   0.0000   1.0005   0.0019  -0.0000   0.0000  -0.0000  -0.0000  -0.0000   0.0000  -0.0000  -0.0000
 ---------------------------------------------------------------
