 ---------------------------------------------------------------
 Surface and Strip Forces by surface

  Forces referred to Sref, Cref, Bref about Xref, Yref, Zref
 Standard axis orientation,  X fwd, Z down         

  Surface # 1     main_wing                               
     # Chordwise = 10   # Spanwise = 25     First strip =  1
     Surface area =    7.861920       Ave. chord =    1.473425
     CLsurf  =   0.39879     Clsurf  =  -0.07433
     CYsurf  =  -0.01288     Cmsurf  =  -0.43313
     CDsurf  =   0.01535     Cnsurf  =  -0.00839
     CDisurf =   0.01535     CDvsurf =   0.00000

  Forces referred to Ssurf, Cave about hinge axis thru LE
     CLsurf  =   0.79737     CDsurf  =   0.03068
     Deflect =

 Strip Forces referred to Strip Area, Chord
    j      Yle    Chord     Area     c cl      ai      cl_norm  cl       cd       cdv    cm_c/4    cm_LE  C.P.x/c
     1   0.0062   3.3979   0.0842   1.8621   0.1406   0.5447   0.5339   0.1277   0.0000  -0.0545  -0.1871    0.352
     2   0.0556   3.3815   0.2500   1.8205   0.1397   0.5492   0.5383   0.0472   0.0000  -0.0537  -0.1840    0.350
     3   0.1538   3.3487   0.4083   1.8152   0.1398   0.5538   0.5428   0.0429   0.0000  -0.0530  -0.1842    0.348
     4   0.2990   3.3003   0.5545   1.8069   0.1415   0.5595   0.5485   0.0424   0.0000  -0.0517  -0.1843    0.344
     5   0.4891   3.2370   0.6844   1.7879   0.1467   0.5645   0.5534   0.0424   0.0000  -0.0495  -0.1833    0.339
     6   0.6904   3.0342   0.5705   1.7479   0.1323   0.5866   0.5773   0.0430   0.0000  -0.0491  -0.1675    0.335
     7   0.8923   2.6641   0.5728   1.6836   0.1085   0.6440   0.6339   0.0441   0.0000  -0.0505  -0.1809    0.330
     8   1.1195   2.2475   0.5363   1.6033   0.0842   0.7277   0.7162   0.0459   0.0000  -0.0538  -0.2015    0.325
     9   1.3685   1.7910   0.4629   1.5087   0.0443   0.8600   0.8464   0.0504   0.0000  -0.0628  -0.2373    0.324
    10   1.6551   1.5035   0.4723   1.4324   0.0457   1.1635   0.9590   0.0478   0.0000  -0.0694  -0.2715    0.322
    11   1.9763   1.4072   0.4605   1.3771   0.0610   1.1975   0.9870   0.0380   0.0000  -0.0648  -0.2731    0.316
    12   2.3081   1.3077   0.4383   1.3092   0.0624   1.2272   1.0115   0.0292   0.0000  -0.0624  -0.2760    0.312
    13   2.6452   1.2066   0.4076   1.2296   0.0595   1.2510   1.0311   0.0211   0.0000  -0.0611  -0.2788    0.309
    14   2.9824   1.1055   0.3705   1.1405   0.0548   1.2682   1.0453   0.0131   0.0000  -0.0604  -0.2810    0.308
    15   3.3142   1.0060   0.3292   1.0440   0.0491   1.2773   1.0528   0.0060   0.0000  -0.0600  -0.2820    0.307
    16   3.6354   0.9097   0.2857   0.9430   0.0432   1.2774   1.0529  -0.0013   0.0000  -0.0597  -0.2814    0.307
    17   3.9410   0.8180   0.2422   0.8399   0.0373   1.2667   1.0440  -0.0084   0.0000  -0.0592  -0.2788    0.307
    18   4.2262   0.7325   0.2002   0.7371   0.0321   1.2430   1.0245  -0.0146   0.0000  -0.0585  -0.2737    0.307
    19   4.4865   0.6544   0.1612   0.6368   0.0283   1.2030   0.9916  -0.0200   0.0000  -0.0572  -0.2652    0.308
    20   4.7177   0.5851   0.1260   0.5401   0.0271   1.1423   0.9415  -0.0241   0.0000  -0.0548  -0.2521    0.308
    21   4.9163   0.5256   0.0951   0.4469   0.0299   1.0532   0.8681  -0.0263   0.0000  -0.0502  -0.2320    0.308
    22   5.0790   0.4768   0.0686   0.3552   0.0380   0.9235   0.7612  -0.0263   0.0000  -0.0419  -0.2014    0.305
    23   5.2034   0.4395   0.0459   0.2613   0.0506   0.7374   0.6078  -0.0232   0.0000  -0.0293  -0.1571    0.298
    24   5.2874   0.4143   0.0262   0.1616   0.0660   0.4842   0.3991  -0.0164   0.0000  -0.0153  -0.0997    0.288
    25   5.3297   0.4016   0.0085   0.0551   0.0792   0.1705   0.1405  -0.0074   0.0000  -0.0045  -0.0342    0.282

  Surface # 2     main_wing (YDUP)                        
     # Chordwise = 10   # Spanwise = 25     First strip = 26
     Surface area =    7.861920       Ave. chord =    1.473425
     CLsurf  =   0.39879     Clsurf  =   0.07433
     CYsurf  =   0.01287     Cmsurf  =  -0.43313
     CDsurf  =   0.01534     Cnsurf  =   0.00840
     CDisurf =   0.01534     CDvsurf =   0.00000

  Forces referred to Ssurf, Cave about hinge axis thru LE
     CLsurf  =   0.79738     CDsurf  =   0.03066
     Deflect =

 Strip Forces referred to Strip Area, Chord
    j      Yle    Chord     Area     c cl      ai      cl_norm  cl       cd       cdv    cm_c/4    cm_LE  C.P.x/c
    26  -0.0062   3.3979   0.0842   1.8621   0.1406   0.5447   0.5339   0.1277   0.0000  -0.0545   0.1871    0.352
    27  -0.0556   3.3815   0.2500   1.8205   0.1397   0.5492   0.5383   0.0472   0.0000  -0.0537   0.1840    0.350
    28  -0.1538   3.3487   0.4083   1.8152   0.1398   0.5538   0.5428   0.0429   0.0000  -0.0530   0.1842    0.348
    29  -0.2990   3.3003   0.5545   1.8069   0.1415   0.5595   0.5485   0.0424   0.0000  -0.0517   0.1843    0.344
    30  -0.4891   3.2370   0.6844   1.7879   0.1467   0.5645   0.5534   0.0424   0.0000  -0.0495   0.1833    0.339
    31  -0.6904   3.0342   0.5705   1.7479   0.1323   0.5866   0.5773   0.0430   0.0000  -0.0491   0.1675    0.335
    32  -0.8923   2.6641   0.5728   1.6836   0.1085   0.6440   0.6339   0.0441   0.0000  -0.0505   0.1809    0.330
    33  -1.1195   2.2475   0.5363   1.6033   0.0842   0.7277   0.7162   0.0459   0.0000  -0.0538   0.2015    0.325
    34  -1.3685   1.7910   0.4629   1.5087   0.0443   0.8600   0.8464   0.0504   0.0000  -0.0628   0.2373    0.324
    35  -1.6551   1.5035   0.4723   1.4324   0.0457   1.1635   0.9590   0.0478   0.0000  -0.0694   0.2715    0.322
    36  -1.9763   1.4072   0.4605   1.3771   0.0610   1.1975   0.9870   0.0379   0.0000  -0.0648   0.2731    0.316
    37  -2.3081   1.3077   0.4383   1.3092   0.0624   1.2272   1.0115   0.0291   0.0000  -0.0624   0.2760    0.312
    38  -2.6452   1.2066   0.4076   1.2297   0.0595   1.2511   1.0312   0.0210   0.0000  -0.0611   0.2788    0.309
    39  -2.9824   1.1055   0.3705   1.1405   0.0548   1.2682   1.0453   0.0131   0.0000  -0.0604   0.2810    0.308
    40  -3.3142   1.0060   0.3292   1.0440   0.0491   1.2774   1.0528   0.0059   0.0000  -0.0600   0.2820    0.307
    41  -3.6354   0.9097   0.2857   0.9430   0.0432   1.2774   1.0529  -0.0013   0.0000  -0.0597   0.2814    0.307
    42  -3.9410   0.8180   0.2422   0.8399   0.0373   1.2667   1.0441  -0.0084   0.0000  -0.0592   0.2789    0.307
    43  -4.2262   0.7325   0.2002   0.7371   0.0321   1.2430   1.0245  -0.0146   0.0000  -0.0585   0.2737    0.307
    44  -4.4865   0.6544   0.1612   0.6368   0.0283   1.2030   0.9916  -0.0200   0.0000  -0.0572   0.2652    0.308
    45  -4.7177   0.5851   0.1260   0.5401   0.0271   1.1423   0.9415  -0.0240   0.0000  -0.0548   0.2521    0.308
    46  -4.9163   0.5256   0.0951   0.4469   0.0299   1.0532   0.8681  -0.0264   0.0000  -0.0502   0.2320    0.308
    47  -5.0790   0.4768   0.0686   0.3552   0.0380   0.9235   0.7612  -0.0263   0.0000  -0.0419   0.2014    0.305
    48  -5.2034   0.4395   0.0459   0.2613   0.0506   0.7374   0.6078  -0.0232   0.0000  -0.0293   0.1571    0.298
    49  -5.2874   0.4143   0.0262   0.1616   0.0660   0.4842   0.3991  -0.0164   0.0000  -0.0153   0.0997    0.288
    50  -5.3297   0.4016   0.0085   0.0551   0.0792   0.1705   0.1405  -0.0074   0.0000  -0.0045   0.0342    0.282

  Surface # 3     vertical_stabilizer                     
     # Chordwise = 10   # Spanwise = 25     First strip = 51
     Surface area =    0.624999       Ave. chord =    1.249999
     CLsurf  =  -0.00000     Clsurf  =  -0.00000
     CYsurf  =  -0.00000     Cmsurf  =   0.00000
     CDsurf  =  -0.00000     Cnsurf  =   0.00000
     CDisurf =  -0.00000     CDvsurf =   0.00000

  Forces referred to Ssurf, Cave about hinge axis thru LE
     CLsurf  =   0.00000     CDsurf  =  -0.00000
     Deflect =

 Strip Forces referred to Strip Area, Chord
    j      Yle    Chord     Area     c cl      ai      cl_norm  cl       cd       cdv    cm_c/4    cm_LE  C.P.x/c
    51   0.0000   1.4980   0.0074   0.0000  -0.0000   0.0000   0.0000   0.0000   0.0000   0.0000   0.0000   -0.431
    52   0.0000   1.4913   0.0126   0.0000   0.0000   0.0000   0.0000   0.0000   0.0000   0.0000   0.0000   -0.286
    53   0.0000   1.4812   0.0175   0.0000   0.0000   0.0000   0.0000  -0.0000   0.0000   0.0000   0.0000   -0.077
    54   0.0000   1.4677   0.0222   0.0000   0.0000   0.0000   0.0000  -0.0000   0.0000   0.0000   0.0000   -0.390
    55   0.0000   1.4510   0.0263   0.0000   0.0000   0.0000   0.0000  -0.0000   0.0000   0.0000   0.0000   -0.835
    56   0.0000   1.4314   0.0300   0.0000  -0.0000   0.0000   0.0000   0.0000   0.0000   0.0000   0.0000   -0.796
    57   0.0000   1.4092   0.0331   0.0000  -0.0000   0.0000   0.0000   0.0000   0.0000   0.0000   0.0000   -0.540
    58   0.0000   1.3846   0.0355   0.0000   0.0000   0.0000   0.0000  -0.0000   0.0000   0.0000  -0.0000    0.001
    59   0.0000   1.3579   0.0373   0.0000  -0.0000   0.0000   0.0000   0.0000   0.0000   0.0000  -0.0000    0.054
    60   0.0000   1.3297   0.0384   0.0000   0.0000   0.0000   0.0000  -0.0000   0.0000   0.0000   0.0000   -0.312
    61   0.0000   1.3003   0.0388   0.0000   0.0000   0.0000   0.0000  -0.0000   0.0000   0.0000   0.0000   -0.293
    62   0.0000   1.2701   0.0386   0.0000   0.0000   0.0000   0.0000   0.0000   0.0000   0.0000   0.0000   -0.933
    63   0.0000   1.2396   0.0378   0.0000   0.0000   0.0000   0.0000  -0.0000   0.0000   0.0000   0.0000   -0.305
    64   0.0000   1.2093   0.0364   0.0000   0.0000   0.0000   0.0000  -0.0000   0.0000   0.0000   0.0000   -0.473
    65   0.0000   1.1795   0.0346   0.0000   0.0000   0.0000   0.0000  -0.0000   0.0000   0.0000   0.0000   -0.114
    66   0.0000   1.1508   0.0323   0.0000   0.0000   0.0000   0.0000  -0.0000   0.0000   0.0000   0.0000
    67   0.0000   1.1236   0.0296   0.0000   0.0000   0.0000   0.0000  -0.0000   0.0000   0.0000   0.0000   -0.330
    68   0.0000   1.0982   0.0267   0.0000   0.0000   0.0000   0.0000   0.0000   0.0000   0.0000   0.0000
    69   0.0000   1.0751   0.0235   0.0000   0.0000   0.0000   0.0000   0.0000   0.0000   0.0000   0.0000
    70   0.0000   1.0546   0.0201   0.0000   0.0000   0.0000   0.0000  -0.0000   0.0000   0.0000  -0.0000    0.195
    71   0.0000   1.0370   0.0166   0.0000   0.0000   0.0000   0.0000  -0.0000   0.0000  -0.0000  -0.0000    0.299
    72   0.0000   1.0226   0.0130   0.0000   0.0000   0.0000   0.0000  -0.0000   0.0000   0.0000  -0.0000    0.197
    73   0.0000   1.0116   0.0093   0.0000   0.0000   0.0000   0.0000  -0.0000   0.0000   0.0000  -0.0000    0.144
    74   0.0000   1.0042   0.0056   0.0000   0.0000   0.0000   0.0000  -0.0000   0.0000   0.0000  -0.0000    0.194
    75   0.0000   1.0005   0.0019   0.0000   0.0000   0.0000   0.0000  -0.0000   0.0000   0.0000  -0.0000    0.123
 ---------------------------------------------------------------
