 ---------------------------------------------------------------
 Surface and Strip Forces by surface

  Forces referred to Sref, Cref, Bref about Xref, Yref, Zref
 Standard axis orientation,  X fwd, Z down         

  Surface # 1     main_wing                               
     # Chordwise = 10   # Spanwise = 25     First strip =  1
     Surface area =    7.861920       Ave. chord =    1.473425
     CLsurf  =   0.04200     Clsurf  =  -0.00637
     CYsurf  =  -0.00075     Cmsurf  =  -0.08450
     CDsurf  =   0.00034     Cnsurf  =   0.00022
     CDisurf =   0.00034     CDvsurf =   0.00000

  Forces referred to Ssurf, Cave about hinge axis thru LE
     CLsurf  =   0.08397     CDsurf  =   0.00069
     Deflect =

 Strip Forces referred to Strip Area, Chord
    j      Yle    Chord     Area     c cl      ai      cl_norm  cl       cd       cdv    cm_c/4    cm_LE  C.P.x/c
     1   0.0062   3.3979   0.0842   0.2268   0.0164   0.0681   0.0668   0.0122   0.0000  -0.0658  -0.0805    1.236
     2   0.0556   3.3815   0.2500   0.2193   0.0162   0.0661   0.0649   0.0007   0.0000  -0.0658  -0.0801    1.265
     3   0.1538   3.3487   0.4083   0.2188   0.0169   0.0666   0.0653  -0.0001   0.0000  -0.0661  -0.0805    1.262
     4   0.2990   3.3003   0.5545   0.2187   0.0189   0.0676   0.0663  -0.0004   0.0000  -0.0658  -0.0804    1.244
     5   0.4891   3.2370   0.6844   0.2173   0.0233   0.0685   0.0671  -0.0005   0.0000  -0.0642  -0.0790    1.206
     6   0.6904   3.0342   0.5705   0.2065   0.0156   0.0691   0.0681  -0.0004   0.0000  -0.0627  -0.0689    1.171
     7   0.8923   2.6641   0.5728   0.1923   0.0056   0.0733   0.0722  -0.0004   0.0000  -0.0644  -0.0713    1.142
     8   1.1195   2.2475   0.5363   0.1806   0.0005   0.0816   0.0804   0.0001   0.0000  -0.0668  -0.0751    1.081
     9   1.3685   1.7910   0.4629   0.1731  -0.0055   0.0981   0.0966   0.0017   0.0000  -0.0716  -0.0828    0.991
    10   1.6551   1.5035   0.4723   0.1834   0.0108   0.1486   0.1220   0.0033   0.0000  -0.0769  -0.0945    0.881
    11   1.9763   1.4072   0.4605   0.1898   0.0193   0.1643   0.1349   0.0029   0.0000  -0.0748  -0.0954    0.804
    12   2.3081   1.3077   0.4383   0.1845   0.0196   0.1718   0.1411   0.0022   0.0000  -0.0736  -0.0958    0.772
    13   2.6452   1.2066   0.4076   0.1700   0.0175   0.1716   0.1409   0.0015   0.0000  -0.0730  -0.0952    0.768
    14   2.9824   1.1055   0.3705   0.1486   0.0143   0.1637   0.1344   0.0009   0.0000  -0.0726  -0.0934    0.791
    15   3.3142   1.0060   0.3292   0.1221   0.0102   0.1479   0.1214   0.0003   0.0000  -0.0725  -0.0904    0.847
    16   3.6354   0.9097   0.2857   0.0925   0.0053   0.1238   0.1017  -0.0001   0.0000  -0.0724  -0.0860    0.962
    17   3.9410   0.8180   0.2422   0.0613  -0.0004   0.0913   0.0750  -0.0005   0.0000  -0.0724  -0.0802    1.216
    18   4.2262   0.7325   0.2002   0.0306  -0.0071   0.0508   0.0417  -0.0005   0.0000  -0.0727  -0.0731    1.993
    19   4.4865   0.6544   0.1612   0.0021  -0.0151   0.0040   0.0033  -0.0003   0.0000  -0.0734  -0.0653
    20   4.7177   0.5851   0.1260  -0.0216  -0.0248  -0.0450  -0.0369   0.0001   0.0000  -0.0748  -0.0577
    21   4.9163   0.5256   0.0951  -0.0380  -0.0356  -0.0880  -0.0723   0.0004   0.0000  -0.0773  -0.0521   -0.820
    22   5.0790   0.4768   0.0686  -0.0444  -0.0458  -0.1134  -0.0931   0.0001   0.0000  -0.0802  -0.0500   -0.611
    23   5.2034   0.4395   0.0459  -0.0398  -0.0518  -0.1102  -0.0905  -0.0014   0.0000  -0.0789  -0.0495   -0.622
    24   5.2874   0.4143   0.0262  -0.0264  -0.0512  -0.0776  -0.0637  -0.0036   0.0000  -0.0638  -0.0421   -0.752
    25   5.3297   0.4016   0.0085  -0.0090  -0.0473  -0.0274  -0.0225  -0.0040   0.0000  -0.0261  -0.0180   -0.910

  Surface # 2     main_wing (YDUP)                        
     # Chordwise = 10   # Spanwise = 25     First strip = 26
     Surface area =    7.861920       Ave. chord =    1.473425
     CLsurf  =   0.04200     Clsurf  =   0.00637
     CYsurf  =   0.00075     Cmsurf  =  -0.08450
     CDsurf  =   0.00034     Cnsurf  =  -0.00022
     CDisurf =   0.00034     CDvsurf =   0.00000

  Forces referred to Ssurf, Cave about hinge axis thru LE
     CLsurf  =   0.08397     CDsurf  =   0.00069
     Deflect =

 Strip Forces referred to Strip Area, Chord
    j      Yle    Chord     Area     c cl      ai      cl_norm  cl       cd       cdv    cm_c/4    cm_LE  C.P.x/c
    26  -0.0062   3.3979   0.0842   0.2268   0.0164   0.0681   0.0668   0.0122   0.0000  -0.0658   0.0805    1.236
    27  -0.0556   3.3815   0.2500   0.2193   0.0162   0.0661   0.0649   0.0007   0.0000  -0.0658   0.0801    1.265
    28  -0.1538   3.3487   0.4083   0.2188   0.0169   0.0666   0.0653  -0.0001   0.0000  -0.0661   0.0805    1.262
    29  -0.2990   3.3003   0.5545   0.2187   0.0189   0.0676   0.0663  -0.0004   0.0000  -0.0658   0.0804    1.244
    30  -0.4891   3.2370   0.6844   0.2173   0.0233   0.0685   0.0671  -0.0004   0.0000  -0.0642   0.0790    1.206
    31  -0.6904   3.0342   0.5705   0.2065   0.0156   0.0691   0.0681  -0.0004   0.0000  -0.0627   0.0689    1.171
    32  -0.8923   2.6641   0.5728   0.1923   0.0056   0.0733   0.0722  -0.0004   0.0000  -0.0644   0.0713    1.142
    33  -1.1195   2.2475   0.5363   0.1806   0.0005   0.0816   0.0804   0.0001   0.0000  -0.0668   0.0751    1.081
    34  -1.3685   1.7910   0.4629   0.1731  -0.0055   0.0981   0.0966   0.0017   0.0000  -0.0716   0.0828    0.991
    35  -1.6551   1.5035   0.4723   0.1834   0.0108   0.1486   0.1220   0.0033   0.0000  -0.0769   0.0945    0.881
    36  -1.9763   1.4072   0.4605   0.1898   0.0193   0.1643   0.1349   0.0028   0.0000  -0.0748   0.0954    0.804
    37  -2.3081   1.3077   0.4383   0.1845   0.0196   0.1718   0.1411   0.0022   0.0000  -0.0736   0.0958    0.772
    38  -2.6452   1.2066   0.4076   0.1700   0.0175   0.1716   0.1409   0.0015   0.0000  -0.0730   0.0952    0.768
    39  -2.9824   1.1055   0.3705   0.1486   0.0143   0.1637   0.1344   0.0009   0.0000  -0.0726   0.0934    0.791
    40  -3.3142   1.0060   0.3292   0.1222   0.0102   0.1479   0.1214   0.0003   0.0000  -0.0725   0.0904    0.847
    41  -3.6354   0.9097   0.2857   0.0925   0.0053   0.1238   0.1017  -0.0001   0.0000  -0.0724   0.0860    0.962
    42  -3.9410   0.8180   0.2422   0.0613  -0.0004   0.0913   0.0750  -0.0005   0.0000  -0.0724   0.0802    1.216
    43  -4.2262   0.7325   0.2002   0.0306  -0.0071   0.0508   0.0417  -0.0005   0.0000  -0.0727   0.0731    1.994
    44  -4.4865   0.6544   0.1612   0.0021  -0.0151   0.0040   0.0033  -0.0003   0.0000  -0.0734   0.0653
    45  -4.7177   0.5851   0.1260  -0.0216  -0.0248  -0.0450  -0.0369   0.0001   0.0000  -0.0748   0.0577
    46  -4.9163   0.5256   0.0951  -0.0380  -0.0356  -0.0880  -0.0723   0.0004   0.0000  -0.0773   0.0521   -0.820
    47  -5.0790   0.4768   0.0686  -0.0444  -0.0458  -0.1134  -0.0931   0.0001   0.0000  -0.0802   0.0500   -0.611
    48  -5.2034   0.4395   0.0459  -0.0398  -0.0518  -0.1102  -0.0905  -0.0014   0.0000  -0.0789   0.0495   -0.622
    49  -5.2874   0.4143   0.0262  -0.0264  -0.0512  -0.0776  -0.0637  -0.0036   0.0000  -0.0638   0.0421   -0.752
    50  -5.3297   0.4016   0.0085  -0.0090  -0.0473  -0.0274  -0.0225  -0.0040   0.0000  -0.0261   0.0180   -0.910

  Surface # 3     vertical_stabilizer                     
     # Chordwise = 10   # Spanwise = 25     First strip = 51
     Surface area =    0.624999       Ave. chord =    1.249999
     CLsurf  =  -0.00000     Clsurf  =   0.00000
     CYsurf  =   0.00000     Cmsurf  =   0.00000
     CDsurf  =   0.00000     Cnsurf  =  -0.00000
     CDisurf =   0.00000     CDvsurf =   0.00000

  Forces referred to Ssurf, Cave about hinge axis thru LE
     CLsurf  =  -0.00000     CDsurf  =   0.00000
     Deflect =

 Strip Forces referred to Strip Area, Chord
    j      Yle    Chord     Area     c cl      ai      cl_norm  cl       cd       cdv    cm_c/4    cm_LE  C.P.x/c
    51   0.0000   1.4980   0.0074  -0.0000  -0.0000  -0.0000  -0.0000  -0.0000   0.0000   0.0000   0.0000    0.364
    52   0.0000   1.4913   0.0126  -0.0000  -0.0000  -0.0000  -0.0000   0.0000   0.0000  -0.0000   0.0000    0.158
    53   0.0000   1.4812   0.0175  -0.0000   0.0000  -0.0000  -0.0000  -0.0000   0.0000   0.0000   0.0000    0.263
    54   0.0000   1.4677   0.0222  -0.0000   0.0000  -0.0000  -0.0000  -0.0000   0.0000   0.0000   0.0000    0.312
    55   0.0000   1.4510   0.0263  -0.0000  -0.0000  -0.0000  -0.0000   0.0000   0.0000   0.0000   0.0000    0.359
    56   0.0000   1.4314   0.0300  -0.0000  -0.0000  -0.0000  -0.0000   0.0000   0.0000   0.0000   0.0000    0.412
    57   0.0000   1.4092   0.0331  -0.0000  -0.0000  -0.0000  -0.0000   0.0000   0.0000   0.0000   0.0000    0.347
    58   0.0000   1.3846   0.0355  -0.0000   0.0000  -0.0000  -0.0000  -0.0000   0.0000   0.0000   0.0000    0.323
    59   0.0000   1.3579   0.0373  -0.0000   0.0000  -0.0000  -0.0000   0.0000   0.0000   0.0000   0.0000    0.582
    60   0.0000   1.3297   0.0384  -0.0000  -0.0000  -0.0000  -0.0000   0.0000   0.0000   0.0000   0.0000    0.450
    61   0.0000   1.3003   0.0388  -0.0000   0.0000  -0.0000  -0.0000   0.0000   0.0000   0.0000   0.0000    0.482
    62   0.0000   1.2701   0.0386  -0.0000   0.0000  -0.0000  -0.0000  -0.0000   0.0000   0.0000   0.0000    0.449
    63   0.0000   1.2396   0.0378  -0.0000   0.0000  -0.0000  -0.0000   0.0000   0.0000   0.0000   0.0000    0.470
    64   0.0000   1.2093   0.0364  -0.0000   0.0000  -0.0000  -0.0000  -0.0000   0.0000   0.0000   0.0000    0.706
    65   0.0000   1.1795   0.0346  -0.0000   0.0000  -0.0000  -0.0000  -0.0000   0.0000   0.0000   0.0000    0.666
    66   0.0000   1.1508   0.0323  -0.0000   0.0000  -0.0000  -0.0000  -0.0000   0.0000   0.0000   0.0000    0.666
    67   0.0000   1.1236   0.0296  -0.0000   0.0000  -0.0000  -0.0000   0.0000   0.0000   0.0000   0.0000    0.685
    68   0.0000   1.0982   0.0267  -0.0000   0.0000  -0.0000  -0.0000   0.0000   0.0000   0.0000   0.0000    0.591
    69   0.0000   1.0751   0.0235  -0.0000   0.0000  -0.0000  -0.0000  -0.0000   0.0000   0.0000   0.0000    0.564
    70   0.0000   1.0546   0.0201  -0.0000   0.0000  -0.0000  -0.0000   0.0000   0.0000   0.0000   0.0000    0.572
    71   0.0000   1.0370   0.0166  -0.0000   0.0000  -0.0000  -0.0000   0.0000   0.0000   0.0000   0.0000    0.430
    72   0.0000   1.0226   0.0130  -0.0000   0.0000  -0.0000  -0.0000   0.0000   0.0000   0.0000   0.0000    0.377
    73   0.0000   1.0116   0.0093  -0.0000   0.0000  -0.0000  -0.0000   0.0000   0.0000   0.0000   0.0000    0.474
    74   0.0000   1.0042   0.0056  -0.0000   0.0000  -0.0000  -0.0000  -0.0000   0.0000   0.0000   0.0000    0.542
    75   0.0000   1.0005   0.0019  -0.0000   0.0000  -0.0000  -0.0000  -0.0000   0.0000   0.0000   0.0000    0.475
 ---------------------------------------------------------------
