 ---------------------------------------------------------------
 Surface and Strip Forces by surface

  Forces referred to Sref, Cref, Bref about Xref, Yref, Zref
 Standard axis orientation,  X fwd, Z down         

  Surface # 1     main_wing                               
     # Chordwise = 10   # Spanwise = 25     First strip =  1
     Surface area =    7.861920       Ave. chord =    1.473425
     CLsurf  =   0.40689     Clsurf  =  -0.07602
     CYsurf  =  -0.01318     Cmsurf  =  -0.44273
     CDsurf  =   0.01598     Cnsurf  =  -0.00859
     CDisurf =   0.01598     CDvsurf =   0.00000

  Forces referred to Ssurf, Cave about hinge axis thru LE
     CLsurf  =   0.81356     CDsurf  =   0.03194
     Deflect =

 Strip Forces referred to Strip Area, Chord
    j      Yle    Chord     Area     c cl      ai      cl_norm  cl       cd       cdv    cm_c/4    cm_LE  C.P.x/c
     1   0.0062   3.3979   0.0842   1.8956   0.1424   0.5537   0.5427   0.1345   0.0000  -0.0559  -0.1909    0.353
     2   0.0556   3.3815   0.2500   1.8512   0.1416   0.5583   0.5473   0.0489   0.0000  -0.0550  -0.1875    0.351
     3   0.1538   3.3487   0.4083   1.8457   0.1416   0.5630   0.5518   0.0443   0.0000  -0.0544  -0.1877    0.348
     4   0.2990   3.3003   0.5545   1.8372   0.1433   0.5688   0.5575   0.0438   0.0000  -0.0530  -0.1878    0.345
     5   0.4891   3.2370   0.6844   1.8178   0.1484   0.5738   0.5625   0.0440   0.0000  -0.0507  -0.1867    0.340
     6   0.6904   3.0342   0.5705   1.7774   0.1337   0.5963   0.5869   0.0443   0.0000  -0.0503  -0.1707    0.336
     7   0.8923   2.6641   0.5728   1.7124   0.1097   0.6549   0.6446   0.0456   0.0000  -0.0518  -0.1844    0.330
     8   1.1195   2.2475   0.5363   1.6313   0.0851   0.7402   0.7286   0.0477   0.0000  -0.0553  -0.2055    0.326
     9   1.3685   1.7910   0.4629   1.5360   0.0447   0.8753   0.8615   0.0525   0.0000  -0.0647  -0.2422    0.325
    10   1.6551   1.5035   0.4723   1.4596   0.0466   1.1852   0.9769   0.0505   0.0000  -0.0717  -0.2775    0.323
    11   1.9763   1.4072   0.4605   1.4045   0.0624   1.2211   1.0065   0.0400   0.0000  -0.0668  -0.2792    0.316
    12   2.3081   1.3077   0.4383   1.3363   0.0639   1.2523   1.0322   0.0312   0.0000  -0.0643  -0.2822    0.312
    13   2.6452   1.2066   0.4076   1.2563   0.0611   1.2780   1.0533   0.0223   0.0000  -0.0629  -0.2853    0.310
    14   2.9824   1.1055   0.3705   1.1662   0.0564   1.2967   1.0688   0.0140   0.0000  -0.0622  -0.2877    0.308
    15   3.3142   1.0060   0.3292   1.0686   0.0508   1.3073   1.0775   0.0064   0.0000  -0.0617  -0.2889    0.307
    16   3.6354   0.9097   0.2857   0.9660   0.0448   1.3087   1.0786  -0.0014   0.0000  -0.0613  -0.2885    0.307
    17   3.9410   0.8180   0.2422   0.8612   0.0390   1.2989   1.0706  -0.0086   0.0000  -0.0608  -0.2860    0.307
    18   4.2262   0.7325   0.2002   0.7565   0.0337   1.2758   1.0515  -0.0154   0.0000  -0.0599  -0.2808    0.307
    19   4.4865   0.6544   0.1612   0.6541   0.0299   1.2358   1.0186  -0.0211   0.0000  -0.0585  -0.2722    0.307
    20   4.7177   0.5851   0.1260   0.5551   0.0288   1.1743   0.9679  -0.0255   0.0000  -0.0559  -0.2587    0.308
    21   4.9163   0.5256   0.0951   0.4594   0.0317   1.0830   0.8927  -0.0281   0.0000  -0.0510  -0.2379    0.307
    22   5.0790   0.4768   0.0686   0.3651   0.0397   0.9494   0.7825  -0.0282   0.0000  -0.0421  -0.2062    0.304
    23   5.2034   0.4395   0.0459   0.2683   0.0521   0.7575   0.6243  -0.0250   0.0000  -0.0290  -0.1604    0.296
    24   5.2874   0.4143   0.0262   0.1658   0.0671   0.4968   0.4095  -0.0179   0.0000  -0.0148  -0.1014    0.286
    25   5.3297   0.4016   0.0085   0.0564   0.0798   0.1748   0.1441  -0.0081   0.0000  -0.0042  -0.0347    0.279

  Surface # 2     main_wing (YDUP)                        
     # Chordwise = 10   # Spanwise = 25     First strip = 26
     Surface area =    7.861920       Ave. chord =    1.473425
     CLsurf  =   0.40689     Clsurf  =   0.07602
     CYsurf  =   0.01318     Cmsurf  =  -0.44273
     CDsurf  =   0.01597     Cnsurf  =   0.00859
     CDisurf =   0.01597     CDvsurf =   0.00000

  Forces referred to Ssurf, Cave about hinge axis thru LE
     CLsurf  =   0.81356     CDsurf  =   0.03192
     Deflect =

 Strip Forces referred to Strip Area, Chord
    j      Yle    Chord     Area     c cl      ai      cl_norm  cl       cd       cdv    cm_c/4    cm_LE  C.P.x/c
    26  -0.0062   3.3979   0.0842   1.8956   0.1424   0.5537   0.5427   0.1345   0.0000  -0.0559   0.1909    0.353
    27  -0.0556   3.3815   0.2500   1.8512   0.1416   0.5583   0.5473   0.0489   0.0000  -0.0550   0.1875    0.351
    28  -0.1538   3.3487   0.4083   1.8457   0.1416   0.5630   0.5518   0.0443   0.0000  -0.0544   0.1877    0.348
    29  -0.2990   3.3003   0.5545   1.8372   0.1433   0.5688   0.5575   0.0437   0.0000  -0.0530   0.1878    0.345
    30  -0.4891   3.2370   0.6844   1.8178   0.1484   0.5738   0.5625   0.0439   0.0000  -0.0507   0.1867    0.340
    31  -0.6904   3.0342   0.5705   1.7774   0.1337   0.5963   0.5869   0.0443   0.0000  -0.0503   0.1707    0.336
    32  -0.8923   2.6641   0.5728   1.7124   0.1097   0.6549   0.6446   0.0456   0.0000  -0.0518   0.1844    0.330
    33  -1.1195   2.2475   0.5363   1.6313   0.0851   0.7402   0.7286   0.0477   0.0000  -0.0553   0.2055    0.326
    34  -1.3685   1.7910   0.4629   1.5360   0.0447   0.8753   0.8615   0.0525   0.0000  -0.0647   0.2422    0.325
    35  -1.6551   1.5035   0.4723   1.4596   0.0466   1.1852   0.9769   0.0506   0.0000  -0.0717   0.2775    0.323
    36  -1.9763   1.4072   0.4605   1.4045   0.0624   1.2212   1.0065   0.0398   0.0000  -0.0668   0.2792    0.316
    37  -2.3081   1.3077   0.4383   1.3363   0.0639   1.2523   1.0322   0.0311   0.0000  -0.0643   0.2822    0.312
    38  -2.6452   1.2066   0.4076   1.2563   0.0611   1.2780   1.0534   0.0222   0.0000  -0.0629   0.2853    0.310
    39  -2.9824   1.1055   0.3705   1.1662   0.0564   1.2967   1.0688   0.0140   0.0000  -0.0622   0.2877    0.308
    40  -3.3142   1.0060   0.3292   1.0686   0.0508   1.3073   1.0775   0.0064   0.0000  -0.0617   0.2889    0.307
    41  -3.6354   0.9097   0.2857   0.9660   0.0448   1.3087   1.0786  -0.0014   0.0000  -0.0613   0.2885    0.307
    42  -3.9410   0.8180   0.2422   0.8612   0.0390   1.2989   1.0706  -0.0086   0.0000  -0.0608   0.2860    0.307
    43  -4.2262   0.7325   0.2002   0.7565   0.0337   1.2758   1.0515  -0.0154   0.0000  -0.0599   0.2808    0.307
    44  -4.4865   0.6544   0.1612   0.6541   0.0299   1.2358   1.0186  -0.0211   0.0000  -0.0585   0.2722    0.307
    45  -4.7177   0.5851   0.1260   0.5551   0.0288   1.1743   0.9679  -0.0255   0.0000  -0.0559   0.2587    0.308
    46  -4.9163   0.5256   0.0951   0.4594   0.0317   1.0830   0.8927  -0.0281   0.0000  -0.0510   0.2379    0.307
    47  -5.0790   0.4768   0.0686   0.3651   0.0397   0.9494   0.7825  -0.0282   0.0000  -0.0421   0.2062    0.304
    48  -5.2034   0.4395   0.0459   0.2683   0.0521   0.7575   0.6243  -0.0250   0.0000  -0.0290   0.1604    0.296
    49  -5.2874   0.4143   0.0262   0.1658   0.0671   0.4968   0.4095  -0.0179   0.0000  -0.0148   0.1014    0.286
    50  -5.3297   0.4016   0.0085   0.0564   0.0798   0.1748   0.1441  -0.0081   0.0000  -0.0042   0.0347    0.279

  Surface # 3     vertical_stabilizer                     
     # Chordwise = 10   # Spanwise = 25     First strip = 51
     Surface area =    0.624999       Ave. chord =    1.249999
     CLsurf  =   0.00000     Clsurf  =  -0.00000
     CYsurf  =  -0.00000     Cmsurf  =  -0.00000
     CDsurf  =  -0.00000     Cnsurf  =   0.00000
     CDisurf =  -0.00000     CDvsurf =   0.00000

  Forces referred to Ssurf, Cave about hinge axis thru LE
     CLsurf  =   0.00000     CDsurf  =  -0.00000
     Deflect =

 Strip Forces referred to Strip Area, Chord
    j      Yle    Chord     Area     c cl      ai      cl_norm  cl       cd       cdv    cm_c/4    cm_LE  C.P.x/c
    51   0.0000   1.4980   0.0074   0.0000   0.0000   0.0000   0.0000   0.0000   0.0000  -0.0000  -0.0000    0.300
    52   0.0000   1.4913   0.0126   0.0000  -0.0000   0.0000   0.0000   0.0000   0.0000  -0.0000  -0.0000    0.333
    53   0.0000   1.4812   0.0175   0.0000  -0.0000   0.0000   0.0000  -0.0000   0.0000  -0.0000  -0.0000    0.296
    54   0.0000   1.4677   0.0222   0.0000  -0.0000   0.0000   0.0000  -0.0000   0.0000  -0.0000  -0.0000    0.346
    55   0.0000   1.4510   0.0263   0.0000  -0.0000   0.0000   0.0000  -0.0000   0.0000  -0.0000  -0.0000    0.311
    56   0.0000   1.4314   0.0300   0.0000  -0.0000   0.0000   0.0000  -0.0000   0.0000  -0.0000  -0.0000    0.319
    57   0.0000   1.4092   0.0331   0.0000   0.0000   0.0000   0.0000  -0.0000   0.0000  -0.0000  -0.0000    0.323
    58   0.0000   1.3846   0.0355   0.0000  -0.0000   0.0000   0.0000   0.0000   0.0000  -0.0000  -0.0000    0.374
    59   0.0000   1.3579   0.0373   0.0000  -0.0000   0.0000   0.0000  -0.0000   0.0000  -0.0000  -0.0000    0.356
    60   0.0000   1.3297   0.0384   0.0000   0.0000   0.0000   0.0000   0.0000   0.0000  -0.0000  -0.0000    0.271
    61   0.0000   1.3003   0.0388   0.0000  -0.0000   0.0000   0.0000   0.0000   0.0000   0.0000  -0.0000    0.236
    62   0.0000   1.2701   0.0386   0.0000   0.0000   0.0000   0.0000  -0.0000   0.0000   0.0000  -0.0000   -0.007
    63   0.0000   1.2396   0.0378   0.0000   0.0000   0.0000   0.0000  -0.0000   0.0000   0.0000  -0.0000    0.156
    64   0.0000   1.2093   0.0364   0.0000   0.0000   0.0000   0.0000  -0.0000   0.0000   0.0000  -0.0000    0.100
    65   0.0000   1.1795   0.0346   0.0000   0.0000   0.0000   0.0000  -0.0000   0.0000   0.0000  -0.0000   -0.054
    66   0.0000   1.1508   0.0323   0.0000   0.0000   0.0000   0.0000  -0.0000   0.0000   0.0000  -0.0000    0.138
    67   0.0000   1.1236   0.0296   0.0000   0.0000   0.0000   0.0000  -0.0000   0.0000   0.0000  -0.0000    0.177
    68   0.0000   1.0982   0.0267   0.0000   0.0000   0.0000   0.0000  -0.0000   0.0000   0.0000  -0.0000    0.126
    69   0.0000   1.0751   0.0235   0.0000   0.0000   0.0000   0.0000  -0.0000   0.0000   0.0000  -0.0000    0.163
    70   0.0000   1.0546   0.0201   0.0000   0.0000   0.0000   0.0000  -0.0000   0.0000  -0.0000  -0.0000    0.284
    71   0.0000   1.0370   0.0166   0.0000   0.0000   0.0000   0.0000  -0.0000   0.0000  -0.0000  -0.0000    0.339
    72   0.0000   1.0226   0.0130   0.0000   0.0000   0.0000   0.0000   0.0000   0.0000  -0.0000  -0.0000    0.300
    73   0.0000   1.0116   0.0093   0.0000   0.0000   0.0000   0.0000  -0.0000   0.0000  -0.0000  -0.0000    0.370
    74   0.0000   1.0042   0.0056   0.0000   0.0000   0.0000   0.0000  -0.0000   0.0000  -0.0000  -0.0000    0.331
    75   0.0000   1.0005   0.0019   0.0000   0.0000   0.0000   0.0000   0.0000   0.0000  -0.0000  -0.0000    0.307
 ---------------------------------------------------------------
