 ---------------------------------------------------------------
 Surface and Strip Forces by surface

  Forces referred to Sref, Cref, Bref about Xref, Yref, Zref
 Standard axis orientation,  X fwd, Z down         

  Surface # 1     main_wing                               
     # Chordwise = 10   # Spanwise = 25     First strip =  1
     Surface area =    7.861920       Ave. chord =    1.473425
     CLsurf  =   0.24605     Clsurf  =  -0.04600
     CYsurf  =  -0.00591     Cmsurf  =  -0.29039
     CDsurf  =   0.00581     Cnsurf  =  -0.00215
     CDisurf =   0.00581     CDvsurf =   0.00000

  Forces referred to Ssurf, Cave about hinge axis thru LE
     CLsurf  =   0.49190     CDsurf  =   0.01161
     Deflect =

 Strip Forces referred to Strip Area, Chord
    j      Yle    Chord     Area     c cl      ai      cl_norm  cl       cd       cdv    cm_c/4    cm_LE  C.P.x/c
     1   0.0062   3.3979   0.0842   1.1419   0.0839   0.3407   0.3340   0.0388   0.0000  -0.0652  -0.1456    0.445
     2   0.0556   3.3815   0.2500   1.1220   0.0835   0.3387   0.3320   0.0129   0.0000  -0.0642  -0.1437    0.443
     3   0.1538   3.3487   0.4083   1.1193   0.0838   0.3412   0.3345   0.0117   0.0000  -0.0640  -0.1440    0.441
     4   0.2990   3.3003   0.5545   1.1148   0.0856   0.3448   0.3380   0.0120   0.0000  -0.0631  -0.1440    0.437
     5   0.4891   3.2370   0.6844   1.1037   0.0902   0.3481   0.3412   0.0118   0.0000  -0.0610  -0.1427    0.429
     6   0.6904   3.0342   0.5705   1.0752   0.0783   0.3602   0.3546   0.0130   0.0000  -0.0596  -0.1283    0.418
     7   0.8923   2.6641   0.5728   1.0336   0.0606   0.3943   0.3881   0.0151   0.0000  -0.0614  -0.1371    0.408
     8   1.1195   2.2475   0.5363   0.9849   0.0450   0.4454   0.4383   0.0178   0.0000  -0.0648  -0.1510    0.398
     9   1.3685   1.7910   0.4629   0.9311   0.0205   0.5281   0.5198   0.0233   0.0000  -0.0730  -0.1757    0.390
    10   1.6551   1.5035   0.4723   0.8992   0.0310   0.7282   0.5981   0.0256   0.0000  -0.0810  -0.2030    0.385
    11   1.9763   1.4072   0.4605   0.8748   0.0442   0.7576   0.6222   0.0209   0.0000  -0.0770  -0.2047    0.374
    12   2.3081   1.3077   0.4383   0.8373   0.0456   0.7808   0.6413   0.0163   0.0000  -0.0747  -0.2068    0.366
    13   2.6452   1.2066   0.4076   0.7883   0.0434   0.7973   0.6548   0.0120   0.0000  -0.0734  -0.2085    0.362
    14   2.9824   1.1055   0.3705   0.7300   0.0396   0.8063   0.6622   0.0077   0.0000  -0.0725  -0.2093    0.360
    15   3.3142   1.0060   0.3292   0.6646   0.0348   0.8070   0.6628   0.0035   0.0000  -0.0720  -0.2089    0.359
    16   3.6354   0.9097   0.2857   0.5942   0.0293   0.7985   0.6558  -0.0005   0.0000  -0.0716  -0.2069    0.359
    17   3.9410   0.8180   0.2422   0.5214   0.0235   0.7795   0.6402  -0.0043   0.0000  -0.0712  -0.2030    0.361
    18   4.2262   0.7325   0.2002   0.4482   0.0176   0.7487   0.6149  -0.0077   0.0000  -0.0706  -0.1969    0.365
    19   4.4865   0.6544   0.1612   0.3768   0.0117   0.7048   0.5789  -0.0104   0.0000  -0.0699  -0.1883    0.371
    20   4.7177   0.5851   0.1260   0.3090   0.0065   0.6469   0.5313  -0.0125   0.0000  -0.0686  -0.1767    0.379
    21   4.9163   0.5256   0.0951   0.2461   0.0026   0.5737   0.4712  -0.0135   0.0000  -0.0662  -0.1614    0.391
    22   5.0790   0.4768   0.0686   0.1882   0.0014   0.4838   0.3974  -0.0133   0.0000  -0.0617  -0.1412    0.405
    23   5.2034   0.4395   0.0459   0.1341   0.0039   0.3742   0.3074  -0.0116   0.0000  -0.0530  -0.1139    0.423
    24   5.2874   0.4143   0.0262   0.0815   0.0108   0.2413   0.1981  -0.0082   0.0000  -0.0378  -0.0766    0.441
    25   5.3297   0.4016   0.0085   0.0276   0.0180   0.0843   0.0692  -0.0036   0.0000  -0.0144  -0.0278    0.459

  Surface # 2     main_wing (YDUP)                        
     # Chordwise = 10   # Spanwise = 25     First strip = 26
     Surface area =    7.861920       Ave. chord =    1.473425
     CLsurf  =   0.24605     Clsurf  =   0.04600
     CYsurf  =   0.00590     Cmsurf  =  -0.29039
     CDsurf  =   0.00581     Cnsurf  =   0.00215
     CDisurf =   0.00581     CDvsurf =   0.00000

  Forces referred to Ssurf, Cave about hinge axis thru LE
     CLsurf  =   0.49190     CDsurf  =   0.01160
     Deflect =

 Strip Forces referred to Strip Area, Chord
    j      Yle    Chord     Area     c cl      ai      cl_norm  cl       cd       cdv    cm_c/4    cm_LE  C.P.x/c
    26  -0.0062   3.3979   0.0842   1.1419   0.0839   0.3407   0.3340   0.0388   0.0000  -0.0652   0.1456    0.445
    27  -0.0556   3.3815   0.2500   1.1220   0.0835   0.3387   0.3320   0.0129   0.0000  -0.0642   0.1437    0.443
    28  -0.1538   3.3487   0.4083   1.1193   0.0838   0.3412   0.3345   0.0117   0.0000  -0.0640   0.1440    0.441
    29  -0.2990   3.3003   0.5545   1.1148   0.0856   0.3448   0.3380   0.0120   0.0000  -0.0631   0.1440    0.437
    30  -0.4891   3.2370   0.6844   1.1037   0.0902   0.3481   0.3412   0.0118   0.0000  -0.0610   0.1427    0.429
    31  -0.6904   3.0342   0.5705   1.0752   0.0783   0.3602   0.3546   0.0130   0.0000  -0.0596   0.1283    0.418
    32  -0.8923   2.6641   0.5728   1.0336   0.0606   0.3943   0.3881   0.0151   0.0000  -0.0614   0.1371    0.408
    33  -1.1195   2.2475   0.5363   0.9849   0.0450   0.4454   0.4383   0.0178   0.0000  -0.0648   0.1510    0.398
    34  -1.3685   1.7910   0.4629   0.9311   0.0205   0.5281   0.5198   0.0233   0.0000  -0.0730   0.1757    0.390
    35  -1.6551   1.5035   0.4723   0.8992   0.0310   0.7282   0.5981   0.0256   0.0000  -0.0810   0.2030    0.385
    36  -1.9763   1.4072   0.4605   0.8748   0.0442   0.7576   0.6222   0.0209   0.0000  -0.0770   0.2047    0.374
    37  -2.3081   1.3077   0.4383   0.8373   0.0456   0.7808   0.6413   0.0163   0.0000  -0.0747   0.2068    0.366
    38  -2.6452   1.2066   0.4076   0.7883   0.0434   0.7973   0.6548   0.0119   0.0000  -0.0734   0.2085    0.362
    39  -2.9824   1.1055   0.3705   0.7300   0.0396   0.8063   0.6622   0.0077   0.0000  -0.0725   0.2093    0.360
    40  -3.3142   1.0060   0.3292   0.6646   0.0348   0.8070   0.6628   0.0035   0.0000  -0.0720   0.2089    0.359
    41  -3.6354   0.9097   0.2857   0.5942   0.0293   0.7985   0.6558  -0.0005   0.0000  -0.0716   0.2069    0.359
    42  -3.9410   0.8180   0.2422   0.5214   0.0235   0.7795   0.6402  -0.0043   0.0000  -0.0712   0.2030    0.361
    43  -4.2262   0.7325   0.2002   0.4482   0.0176   0.7487   0.6149  -0.0077   0.0000  -0.0706   0.1969    0.365
    44  -4.4865   0.6544   0.1612   0.3768   0.0117   0.7048   0.5789  -0.0105   0.0000  -0.0699   0.1883    0.371
    45  -4.7177   0.5851   0.1260   0.3090   0.0065   0.6469   0.5313  -0.0125   0.0000  -0.0686   0.1767    0.379
    46  -4.9163   0.5256   0.0951   0.2461   0.0026   0.5737   0.4712  -0.0135   0.0000  -0.0662   0.1614    0.391
    47  -5.0790   0.4768   0.0686   0.1882   0.0014   0.4838   0.3974  -0.0133   0.0000  -0.0617   0.1412    0.405
    48  -5.2034   0.4395   0.0459   0.1341   0.0039   0.3742   0.3074  -0.0116   0.0000  -0.0530   0.1139    0.423
    49  -5.2874   0.4143   0.0262   0.0815   0.0108   0.2413   0.1981  -0.0082   0.0000  -0.0378   0.0766    0.441
    50  -5.3297   0.4016   0.0085   0.0276   0.0180   0.0843   0.0692  -0.0036   0.0000  -0.0144   0.0278    0.459

  Surface # 3     vertical_stabilizer                     
     # Chordwise = 10   # Spanwise = 25     First strip = 51
     Surface area =    0.624999       Ave. chord =    1.249999
     CLsurf  =   0.00000     Clsurf  =   0.00000
     CYsurf  =   0.00000     Cmsurf  =  -0.00000
     CDsurf  =  -0.00000     Cnsurf  =  -0.00000
     CDisurf =  -0.00000     CDvsurf =   0.00000

  Forces referred to Ssurf, Cave about hinge axis thru LE
     CLsurf  =  -0.00000     CDsurf  =  -0.00000
     Deflect =

 Strip Forces referred to Strip Area, Chord
    j      Yle    Chord     Area     c cl      ai      cl_norm  cl       cd       cdv    cm_c/4    cm_LE  C.P.x/c
    51   0.0000   1.4980   0.0074  -0.0000   0.0000  -0.0000  -0.0000  -0.0000   0.0000  -0.0000  -0.0000
    52   0.0000   1.4913   0.0126  -0.0000   0.0000  -0.0000  -0.0000  -0.0000   0.0000  -0.0000  -0.0000
    53   0.0000   1.4812   0.0175  -0.0000   0.0000  -0.0000  -0.0000  -0.0000   0.0000  -0.0000  -0.0000
    54   0.0000   1.4677   0.0222  -0.0000   0.0000  -0.0000  -0.0000  -0.0000   0.0000  -0.0000  -0.0000
    55   0.0000   1.4510   0.0263  -0.0000  -0.0000  -0.0000  -0.0000  -0.0000   0.0000  -0.0000  -0.0000   -0.589
    56   0.0000   1.4314   0.0300  -0.0000   0.0000  -0.0000  -0.0000  -0.0000   0.0000  -0.0000  -0.0000   -0.691
    57   0.0000   1.4092   0.0331  -0.0000  -0.0000  -0.0000  -0.0000   0.0000   0.0000  -0.0000  -0.0000
    58   0.0000   1.3846   0.0355  -0.0000   0.0000  -0.0000  -0.0000   0.0000   0.0000  -0.0000  -0.0000
    59   0.0000   1.3579   0.0373  -0.0000   0.0000  -0.0000  -0.0000   0.0000   0.0000  -0.0000  -0.0000   -0.916
    60   0.0000   1.3297   0.0384  -0.0000  -0.0000  -0.0000  -0.0000   0.0000   0.0000  -0.0000  -0.0000   -0.985
    61   0.0000   1.3003   0.0388  -0.0000  -0.0000  -0.0000  -0.0000  -0.0000   0.0000  -0.0000   0.0000    0.040
    62   0.0000   1.2701   0.0386  -0.0000  -0.0000  -0.0000  -0.0000  -0.0000   0.0000  -0.0000   0.0000    0.084
    63   0.0000   1.2396   0.0378  -0.0000  -0.0000  -0.0000  -0.0000  -0.0000   0.0000  -0.0000   0.0000    0.121
    64   0.0000   1.2093   0.0364  -0.0000   0.0000  -0.0000  -0.0000   0.0000   0.0000   0.0000   0.0000    0.275
    65   0.0000   1.1795   0.0346  -0.0000   0.0000  -0.0000  -0.0000  -0.0000   0.0000   0.0000   0.0000    0.370
    66   0.0000   1.1508   0.0323  -0.0000   0.0000  -0.0000  -0.0000  -0.0000   0.0000   0.0000   0.0000    0.269
    67   0.0000   1.1236   0.0296  -0.0000   0.0000  -0.0000  -0.0000  -0.0000   0.0000   0.0000   0.0000    0.278
    68   0.0000   1.0982   0.0267  -0.0000   0.0000  -0.0000  -0.0000   0.0000   0.0000  -0.0000   0.0000   -0.000
    69   0.0000   1.0751   0.0235  -0.0000   0.0000  -0.0000  -0.0000  -0.0000   0.0000  -0.0000   0.0000    0.231
    70   0.0000   1.0546   0.0201  -0.0000   0.0000  -0.0000  -0.0000  -0.0000   0.0000   0.0000   0.0000    0.252
    71   0.0000   1.0370   0.0166  -0.0000   0.0000  -0.0000  -0.0000   0.0000   0.0000  -0.0000  -0.0000   -0.084
    72   0.0000   1.0226   0.0130  -0.0000   0.0000  -0.0000  -0.0000   0.0000   0.0000  -0.0000  -0.0000   -0.498
    73   0.0000   1.0116   0.0093  -0.0000   0.0000  -0.0000  -0.0000   0.0000   0.0000  -0.0000  -0.0000   -0.410
    74   0.0000   1.0042   0.0056  -0.0000   0.0000  -0.0000  -0.0000  -0.0000   0.0000  -0.0000  -0.0000   -0.116
    75   0.0000   1.0005   0.0019  -0.0000   0.0000  -0.0000  -0.0000  -0.0000   0.0000  -0.0000  -0.0000   -0.950
 ---------------------------------------------------------------
