 ---------------------------------------------------------------
 Surface and Strip Forces by surface

  Forces referred to Sref, Cref, Bref about Xref, Yref, Zref
 Standard axis orientation,  X fwd, Z down         

  Surface # 1     main_wing                               
     # Chordwise = 10   # Spanwise = 25     First strip =  1
     Surface area =    7.861920       Ave. chord =    1.473425
     CLsurf  =   0.11513     Clsurf  =  -0.02053
     CYsurf  =  -0.00220     Cmsurf  =  -0.15410
     CDsurf  =   0.00137     Cnsurf  =  -0.00011
     CDisurf =   0.00137     CDvsurf =   0.00000

  Forces referred to Ssurf, Cave about hinge axis thru LE
     CLsurf  =   0.23014     CDsurf  =   0.00274
     Deflect =

 Strip Forces referred to Strip Area, Chord
    j      Yle    Chord     Area     c cl      ai      cl_norm  cl       cd       cdv    cm_c/4    cm_LE  C.P.x/c
     1   0.0062   3.3979   0.0842   0.5513   0.0401   0.1653   0.1621   0.0074   0.0000  -0.0605  -0.0987    0.624
     2   0.0556   3.3815   0.2500   0.5444   0.0398   0.1643   0.1610   0.0013   0.0000  -0.0602  -0.0981    0.624
     3   0.1538   3.3487   0.4083   0.5435   0.0403   0.1656   0.1624   0.0011   0.0000  -0.0603  -0.0984    0.621
     4   0.2990   3.3003   0.5545   0.5421   0.0423   0.1676   0.1643   0.0012   0.0000  -0.0598  -0.0984    0.614
     5   0.4891   3.2370   0.6844   0.5378   0.0470   0.1695   0.1662   0.0013   0.0000  -0.0581  -0.0972    0.599
     6   0.6904   3.0342   0.5705   0.5214   0.0386   0.1746   0.1719   0.0018   0.0000  -0.0566  -0.0861    0.580
     7   0.8923   2.6641   0.5728   0.4983   0.0265   0.1900   0.1871   0.0027   0.0000  -0.0581  -0.0907    0.561
     8   1.1195   2.2475   0.5363   0.4740   0.0182   0.2142   0.2109   0.0041   0.0000  -0.0604  -0.0978    0.536
     9   1.3685   1.7910   0.4629   0.4499   0.0062   0.2551   0.2511   0.0071   0.0000  -0.0655  -0.1109    0.511
    10   1.6551   1.5035   0.4723   0.4433   0.0187   0.3590   0.2947   0.0092   0.0000  -0.0708  -0.1272    0.490
    11   1.9763   1.4072   0.4605   0.4364   0.0280   0.3777   0.3101   0.0074   0.0000  -0.0682  -0.1283    0.470
    12   2.3081   1.3077   0.4383   0.4177   0.0283   0.3891   0.3194   0.0057   0.0000  -0.0669  -0.1292    0.460
    13   2.6452   1.2066   0.4076   0.3896   0.0259   0.3934   0.3229   0.0041   0.0000  -0.0663  -0.1293    0.455
    14   2.9824   1.1055   0.3705   0.3541   0.0223   0.3904   0.3205   0.0025   0.0000  -0.0659  -0.1285    0.456
    15   3.3142   1.0060   0.3292   0.3134   0.0180   0.3797   0.3117   0.0010   0.0000  -0.0657  -0.1264    0.461
    16   3.6354   0.9097   0.2857   0.2693   0.0130   0.3609   0.2963  -0.0003   0.0000  -0.0656  -0.1229    0.472
    17   3.9410   0.8180   0.2422   0.2237   0.0075   0.3335   0.2737  -0.0015   0.0000  -0.0656  -0.1178    0.490
    18   4.2262   0.7325   0.2002   0.1785   0.0013   0.2972   0.2440  -0.0024   0.0000  -0.0656  -0.1113    0.519
    19   4.4865   0.6544   0.1612   0.1356  -0.0056   0.2527   0.2074  -0.0030   0.0000  -0.0657  -0.1034    0.567
    20   4.7177   0.5851   0.1260   0.0968  -0.0132   0.2019   0.1657  -0.0032   0.0000  -0.0661  -0.0945    0.649
    21   4.9163   0.5256   0.0951   0.0643  -0.0212   0.1492   0.1225  -0.0031   0.0000  -0.0667  -0.0855    0.794
    22   5.0790   0.4768   0.0686   0.0396  -0.0281   0.1013   0.0832  -0.0029   0.0000  -0.0669  -0.0771    1.054
    23   5.2034   0.4395   0.0459   0.0231  -0.0311   0.0643   0.0528  -0.0029   0.0000  -0.0638  -0.0677    1.459
    24   5.2874   0.4143   0.0262   0.0128  -0.0278   0.0377   0.0309  -0.0030   0.0000  -0.0506  -0.0513    1.887
    25   5.3297   0.4016   0.0085   0.0043  -0.0217   0.0132   0.0108  -0.0022   0.0000  -0.0206  -0.0205

  Surface # 2     main_wing (YDUP)                        
     # Chordwise = 10   # Spanwise = 25     First strip = 26
     Surface area =    7.861920       Ave. chord =    1.473425
     CLsurf  =   0.11513     Clsurf  =   0.02053
     CYsurf  =   0.00220     Cmsurf  =  -0.15410
     CDsurf  =   0.00137     Cnsurf  =   0.00011
     CDisurf =   0.00137     CDvsurf =   0.00000

  Forces referred to Ssurf, Cave about hinge axis thru LE
     CLsurf  =   0.23014     CDsurf  =   0.00274
     Deflect =

 Strip Forces referred to Strip Area, Chord
    j      Yle    Chord     Area     c cl      ai      cl_norm  cl       cd       cdv    cm_c/4    cm_LE  C.P.x/c
    26  -0.0062   3.3979   0.0842   0.5513   0.0401   0.1653   0.1621   0.0074   0.0000  -0.0605   0.0987    0.624
    27  -0.0556   3.3815   0.2500   0.5444   0.0398   0.1643   0.1610   0.0013   0.0000  -0.0602   0.0981    0.624
    28  -0.1538   3.3487   0.4083   0.5435   0.0403   0.1656   0.1624   0.0011   0.0000  -0.0603   0.0984    0.621
    29  -0.2990   3.3003   0.5545   0.5421   0.0423   0.1676   0.1643   0.0012   0.0000  -0.0598   0.0984    0.614
    30  -0.4891   3.2370   0.6844   0.5378   0.0470   0.1695   0.1662   0.0013   0.0000  -0.0581   0.0972    0.599
    31  -0.6904   3.0342   0.5705   0.5214   0.0386   0.1746   0.1719   0.0018   0.0000  -0.0566   0.0861    0.580
    32  -0.8923   2.6641   0.5728   0.4983   0.0265   0.1900   0.1871   0.0027   0.0000  -0.0581   0.0907    0.561
    33  -1.1195   2.2475   0.5363   0.4740   0.0182   0.2142   0.2109   0.0041   0.0000  -0.0604   0.0978    0.536
    34  -1.3685   1.7910   0.4629   0.4499   0.0062   0.2551   0.2511   0.0071   0.0000  -0.0655   0.1109    0.511
    35  -1.6551   1.5035   0.4723   0.4433   0.0187   0.3590   0.2947   0.0092   0.0000  -0.0708   0.1272    0.490
    36  -1.9763   1.4072   0.4605   0.4364   0.0280   0.3777   0.3101   0.0074   0.0000  -0.0682   0.1283    0.470
    37  -2.3081   1.3077   0.4383   0.4177   0.0283   0.3891   0.3194   0.0057   0.0000  -0.0669   0.1292    0.460
    38  -2.6452   1.2066   0.4076   0.3896   0.0259   0.3934   0.3229   0.0041   0.0000  -0.0663   0.1293    0.455
    39  -2.9824   1.1055   0.3705   0.3541   0.0223   0.3904   0.3205   0.0025   0.0000  -0.0659   0.1285    0.456
    40  -3.3142   1.0060   0.3292   0.3134   0.0180   0.3797   0.3117   0.0010   0.0000  -0.0657   0.1264    0.461
    41  -3.6354   0.9097   0.2857   0.2693   0.0130   0.3609   0.2963  -0.0003   0.0000  -0.0656   0.1229    0.472
    42  -3.9410   0.8180   0.2422   0.2237   0.0075   0.3335   0.2737  -0.0015   0.0000  -0.0656   0.1178    0.490
    43  -4.2262   0.7325   0.2002   0.1785   0.0013   0.2972   0.2440  -0.0024   0.0000  -0.0656   0.1113    0.519
    44  -4.4865   0.6544   0.1612   0.1356  -0.0056   0.2527   0.2074  -0.0029   0.0000  -0.0657   0.1034    0.567
    45  -4.7177   0.5851   0.1260   0.0968  -0.0132   0.2019   0.1657  -0.0032   0.0000  -0.0661   0.0945    0.649
    46  -4.9163   0.5256   0.0951   0.0643  -0.0212   0.1492   0.1225  -0.0031   0.0000  -0.0667   0.0855    0.794
    47  -5.0790   0.4768   0.0686   0.0396  -0.0281   0.1013   0.0832  -0.0029   0.0000  -0.0669   0.0771    1.054
    48  -5.2034   0.4395   0.0459   0.0231  -0.0311   0.0643   0.0528  -0.0029   0.0000  -0.0638   0.0677    1.459
    49  -5.2874   0.4143   0.0262   0.0128  -0.0278   0.0377   0.0309  -0.0030   0.0000  -0.0506   0.0513    1.887
    50  -5.3297   0.4016   0.0085   0.0043  -0.0217   0.0132   0.0108  -0.0022   0.0000  -0.0206   0.0205

  Surface # 3     vertical_stabilizer                     
     # Chordwise = 10   # Spanwise = 25     First strip = 51
     Surface area =    0.624999       Ave. chord =    1.249999
     CLsurf  =   0.00000     Clsurf  =   0.00000
     CYsurf  =   0.00000     Cmsurf  =  -0.00000
     CDsurf  =  -0.00000     Cnsurf  =  -0.00000
     CDisurf =  -0.00000     CDvsurf =   0.00000

  Forces referred to Ssurf, Cave about hinge axis thru LE
     CLsurf  =  -0.00000     CDsurf  =  -0.00000
     Deflect =

 Strip Forces referred to Strip Area, Chord
    j      Yle    Chord     Area     c cl      ai      cl_norm  cl       cd       cdv    cm_c/4    cm_LE  C.P.x/c
    51   0.0000   1.4980   0.0074  -0.0000   0.0000  -0.0000  -0.0000  -0.0000   0.0000   0.0000   0.0000    0.315
    52   0.0000   1.4913   0.0126  -0.0000  -0.0000  -0.0000  -0.0000  -0.0000   0.0000   0.0000   0.0000    0.322
    53   0.0000   1.4812   0.0175  -0.0000   0.0000  -0.0000  -0.0000   0.0000   0.0000   0.0000   0.0000    0.291
    54   0.0000   1.4677   0.0222  -0.0000  -0.0000  -0.0000  -0.0000  -0.0000   0.0000  -0.0000   0.0000    0.240
    55   0.0000   1.4510   0.0263  -0.0000   0.0000  -0.0000  -0.0000  -0.0000   0.0000  -0.0000   0.0000    0.248
    56   0.0000   1.4314   0.0300  -0.0000   0.0000  -0.0000  -0.0000  -0.0000   0.0000   0.0000   0.0000    0.269
    57   0.0000   1.4092   0.0331  -0.0000   0.0000  -0.0000  -0.0000  -0.0000   0.0000  -0.0000   0.0000    0.237
    58   0.0000   1.3846   0.0355  -0.0000   0.0000  -0.0000  -0.0000   0.0000   0.0000  -0.0000   0.0000    0.199
    59   0.0000   1.3579   0.0373  -0.0000   0.0000  -0.0000  -0.0000  -0.0000   0.0000   0.0000   0.0000    0.274
    60   0.0000   1.3297   0.0384  -0.0000   0.0000  -0.0000  -0.0000   0.0000   0.0000  -0.0000   0.0000    0.208
    61   0.0000   1.3003   0.0388  -0.0000  -0.0000  -0.0000  -0.0000   0.0000   0.0000   0.0000   0.0000    0.274
    62   0.0000   1.2701   0.0386  -0.0000  -0.0000  -0.0000  -0.0000  -0.0000   0.0000   0.0000   0.0000    0.293
    63   0.0000   1.2396   0.0378  -0.0000   0.0000  -0.0000  -0.0000  -0.0000   0.0000  -0.0000   0.0000    0.157
    64   0.0000   1.2093   0.0364  -0.0000   0.0000  -0.0000  -0.0000  -0.0000   0.0000  -0.0000   0.0000    0.206
    65   0.0000   1.1795   0.0346  -0.0000   0.0000  -0.0000  -0.0000  -0.0000   0.0000  -0.0000   0.0000    0.248
    66   0.0000   1.1508   0.0323  -0.0000   0.0000  -0.0000  -0.0000  -0.0000   0.0000  -0.0000   0.0000    0.126
    67   0.0000   1.1236   0.0296  -0.0000   0.0000  -0.0000  -0.0000  -0.0000   0.0000  -0.0000   0.0000    0.170
    68   0.0000   1.0982   0.0267  -0.0000   0.0000  -0.0000  -0.0000  -0.0000   0.0000  -0.0000   0.0000    0.077
    69   0.0000   1.0751   0.0235  -0.0000   0.0000  -0.0000  -0.0000  -0.0000   0.0000  -0.0000   0.0000    0.162
    70   0.0000   1.0546   0.0201  -0.0000   0.0000  -0.0000  -0.0000   0.0000   0.0000  -0.0000   0.0000    0.168
    71   0.0000   1.0370   0.0166  -0.0000   0.0000  -0.0000  -0.0000  -0.0000   0.0000   0.0000   0.0000    0.292
    72   0.0000   1.0226   0.0130  -0.0000   0.0000  -0.0000  -0.0000  -0.0000   0.0000   0.0000   0.0000    0.273
    73   0.0000   1.0116   0.0093  -0.0000   0.0000  -0.0000  -0.0000  -0.0000   0.0000  -0.0000   0.0000    0.230
    74   0.0000   1.0042   0.0056  -0.0000   0.0000  -0.0000  -0.0000  -0.0000   0.0000   0.0000   0.0000    0.257
    75   0.0000   1.0005   0.0019  -0.0000   0.0000  -0.0000  -0.0000  -0.0000   0.0000   0.0000   0.0000    0.272
 ---------------------------------------------------------------
