 ---------------------------------------------------------------
 Surface and Strip Forces by surface

  Forces referred to Sref, Cref, Bref about Xref, Yref, Zref
 Standard axis orientation,  X fwd, Z down         

  Surface # 1     main_wing                               
     # Chordwise = 10   # Spanwise = 25     First strip =  1
     Surface area =    7.861920       Ave. chord =    1.473425
     CLsurf  =   0.03796     Clsurf  =  -0.00562
     CYsurf  =  -0.00068     Cmsurf  =  -0.07543
     CDsurf  =   0.00029     Cnsurf  =   0.00021
     CDisurf =   0.00029     CDvsurf =   0.00000

  Forces referred to Ssurf, Cave about hinge axis thru LE
     CLsurf  =   0.07588     CDsurf  =   0.00058
     Deflect =

 Strip Forces referred to Strip Area, Chord
    j      Yle    Chord     Area     c cl      ai      cl_norm  cl       cd       cdv    cm_c/4    cm_LE  C.P.x/c
     1   0.0062   3.3979   0.0842   0.2015   0.0131   0.0605   0.0593   0.0083   0.0000  -0.0593  -0.0723    1.250
     2   0.0556   3.3815   0.2500   0.1963   0.0129   0.0592   0.0580   0.0003   0.0000  -0.0594  -0.0721    1.273
     3   0.1538   3.3487   0.4083   0.1961   0.0136   0.0597   0.0586  -0.0003   0.0000  -0.0596  -0.0725    1.268
     4   0.2990   3.3003   0.5545   0.1965   0.0157   0.0607   0.0595  -0.0004   0.0000  -0.0594  -0.0725    1.247
     5   0.4891   3.2370   0.6844   0.1963   0.0203   0.0618   0.0606  -0.0004   0.0000  -0.0579  -0.0713    1.205
     6   0.6904   3.0342   0.5705   0.1877   0.0138   0.0628   0.0619  -0.0004   0.0000  -0.0565  -0.0622    1.164
     7   0.8923   2.6641   0.5728   0.1762   0.0052   0.0672   0.0661  -0.0003   0.0000  -0.0579  -0.0644    1.125
     8   1.1195   2.2475   0.5363   0.1672   0.0013   0.0756   0.0744   0.0002   0.0000  -0.0597  -0.0677    1.053
     9   1.3685   1.7910   0.4629   0.1620  -0.0030   0.0919   0.0905   0.0016   0.0000  -0.0634  -0.0744    0.951
    10   1.6551   1.5035   0.4723   0.1718   0.0116   0.1392   0.1143   0.0030   0.0000  -0.0674  -0.0844    0.839
    11   1.9763   1.4072   0.4605   0.1769   0.0188   0.1531   0.1257   0.0024   0.0000  -0.0655  -0.0852    0.771
    12   2.3081   1.3077   0.4383   0.1707   0.0186   0.1590   0.1306   0.0019   0.0000  -0.0646  -0.0855    0.745
    13   2.6452   1.2066   0.4076   0.1561   0.0163   0.1575   0.1293   0.0013   0.0000  -0.0642  -0.0849    0.747
    14   2.9824   1.1055   0.3705   0.1351   0.0130   0.1488   0.1222   0.0007   0.0000  -0.0640  -0.0832    0.774
    15   3.3142   1.0060   0.3292   0.1097   0.0090   0.1327   0.1090   0.0003   0.0000  -0.0640  -0.0802    0.837
    16   3.6354   0.9097   0.2857   0.0815   0.0043   0.1091   0.0895  -0.0001   0.0000  -0.0639  -0.0759    0.964
    17   3.9410   0.8180   0.2422   0.0521  -0.0010   0.0776   0.0637  -0.0003   0.0000  -0.0640  -0.0703    1.255
    18   4.2262   0.7325   0.2002   0.0233  -0.0073   0.0388   0.0318  -0.0004   0.0000  -0.0643  -0.0635
    19   4.4865   0.6544   0.1612  -0.0032  -0.0148  -0.0060  -0.0049  -0.0002   0.0000  -0.0648  -0.0559
    20   4.7177   0.5851   0.1260  -0.0254  -0.0240  -0.0528  -0.0434   0.0003   0.0000  -0.0659  -0.0484
    21   4.9163   0.5256   0.0951  -0.0408  -0.0347  -0.0944  -0.0776   0.0007   0.0000  -0.0679  -0.0427   -0.626
    22   5.0790   0.4768   0.0686  -0.0467  -0.0454  -0.1193  -0.0980   0.0006   0.0000  -0.0706  -0.0405   -0.470
    23   5.2034   0.4395   0.0459  -0.0418  -0.0524  -0.1157  -0.0950  -0.0005   0.0000  -0.0705  -0.0411   -0.491
    24   5.2874   0.4143   0.0262  -0.0277  -0.0520  -0.0814  -0.0669  -0.0023   0.0000  -0.0583  -0.0366   -0.623
    25   5.3297   0.4016   0.0085  -0.0094  -0.0472  -0.0286  -0.0235  -0.0028   0.0000  -0.0243  -0.0162   -0.786

  Surface # 2     main_wing (YDUP)                        
     # Chordwise = 10   # Spanwise = 25     First strip = 26
     Surface area =    7.861920       Ave. chord =    1.473425
     CLsurf  =   0.03796     Clsurf  =   0.00562
     CYsurf  =   0.00068     Cmsurf  =  -0.07543
     CDsurf  =   0.00029     Cnsurf  =  -0.00021
     CDisurf =   0.00029     CDvsurf =   0.00000

  Forces referred to Ssurf, Cave about hinge axis thru LE
     CLsurf  =   0.07588     CDsurf  =   0.00058
     Deflect =

 Strip Forces referred to Strip Area, Chord
    j      Yle    Chord     Area     c cl      ai      cl_norm  cl       cd       cdv    cm_c/4    cm_LE  C.P.x/c
    26  -0.0062   3.3979   0.0842   0.2015   0.0131   0.0605   0.0593   0.0083   0.0000  -0.0593   0.0723    1.250
    27  -0.0556   3.3815   0.2500   0.1963   0.0129   0.0592   0.0580   0.0003   0.0000  -0.0594   0.0721    1.273
    28  -0.1538   3.3487   0.4083   0.1961   0.0136   0.0597   0.0586  -0.0003   0.0000  -0.0596   0.0725    1.268
    29  -0.2990   3.3003   0.5545   0.1965   0.0157   0.0607   0.0595  -0.0004   0.0000  -0.0594   0.0725    1.247
    30  -0.4891   3.2370   0.6844   0.1963   0.0203   0.0618   0.0606  -0.0004   0.0000  -0.0579   0.0713    1.205
    31  -0.6904   3.0342   0.5705   0.1877   0.0138   0.0628   0.0619  -0.0004   0.0000  -0.0565   0.0622    1.164
    32  -0.8923   2.6641   0.5728   0.1762   0.0052   0.0672   0.0661  -0.0003   0.0000  -0.0579   0.0644    1.125
    33  -1.1195   2.2475   0.5363   0.1672   0.0013   0.0756   0.0744   0.0002   0.0000  -0.0597   0.0677    1.053
    34  -1.3685   1.7910   0.4629   0.1620  -0.0030   0.0919   0.0905   0.0016   0.0000  -0.0634   0.0744    0.951
    35  -1.6551   1.5035   0.4723   0.1718   0.0116   0.1392   0.1143   0.0030   0.0000  -0.0674   0.0844    0.839
    36  -1.9763   1.4072   0.4605   0.1769   0.0188   0.1531   0.1257   0.0024   0.0000  -0.0655   0.0852    0.771
    37  -2.3081   1.3077   0.4383   0.1707   0.0186   0.1590   0.1306   0.0019   0.0000  -0.0646   0.0855    0.745
    38  -2.6452   1.2066   0.4076   0.1561   0.0163   0.1575   0.1293   0.0013   0.0000  -0.0642   0.0849    0.747
    39  -2.9824   1.1055   0.3705   0.1351   0.0130   0.1488   0.1222   0.0007   0.0000  -0.0640   0.0832    0.774
    40  -3.3142   1.0060   0.3292   0.1097   0.0090   0.1327   0.1090   0.0003   0.0000  -0.0640   0.0802    0.837
    41  -3.6354   0.9097   0.2857   0.0815   0.0043   0.1091   0.0895  -0.0001   0.0000  -0.0639   0.0759    0.964
    42  -3.9410   0.8180   0.2422   0.0521  -0.0010   0.0776   0.0637  -0.0003   0.0000  -0.0640   0.0703    1.255
    43  -4.2262   0.7325   0.2002   0.0233  -0.0073   0.0388   0.0318  -0.0004   0.0000  -0.0643   0.0635
    44  -4.4865   0.6544   0.1612  -0.0032  -0.0148  -0.0060  -0.0049  -0.0002   0.0000  -0.0648   0.0559
    45  -4.7177   0.5851   0.1260  -0.0254  -0.0240  -0.0528  -0.0434   0.0003   0.0000  -0.0659   0.0484
    46  -4.9163   0.5256   0.0951  -0.0408  -0.0347  -0.0944  -0.0776   0.0007   0.0000  -0.0679   0.0427   -0.626
    47  -5.0790   0.4768   0.0686  -0.0467  -0.0454  -0.1193  -0.0980   0.0006   0.0000  -0.0706   0.0405   -0.470
    48  -5.2034   0.4395   0.0459  -0.0418  -0.0524  -0.1157  -0.0950  -0.0005   0.0000  -0.0705   0.0411   -0.491
    49  -5.2874   0.4143   0.0262  -0.0277  -0.0520  -0.0814  -0.0669  -0.0023   0.0000  -0.0583   0.0366   -0.623
    50  -5.3297   0.4016   0.0085  -0.0094  -0.0472  -0.0286  -0.0235  -0.0028   0.0000  -0.0243   0.0162   -0.786

  Surface # 3     vertical_stabilizer                     
     # Chordwise = 10   # Spanwise = 25     First strip = 51
     Surface area =    0.624999       Ave. chord =    1.249999
     CLsurf  =   0.00000     Clsurf  =  -0.00000
     CYsurf  =  -0.00000     Cmsurf  =   0.00000
     CDsurf  =  -0.00000     Cnsurf  =   0.00000
     CDisurf =  -0.00000     CDvsurf =   0.00000

  Forces referred to Ssurf, Cave about hinge axis thru LE
     CLsurf  =   0.00000     CDsurf  =  -0.00000
     Deflect =

 Strip Forces referred to Strip Area, Chord
    j      Yle    Chord     Area     c cl      ai      cl_norm  cl       cd       cdv    cm_c/4    cm_LE  C.P.x/c
    51   0.0000   1.4980   0.0074   0.0000  -0.0000   0.0000   0.0000  -0.0000   0.0000  -0.0000  -0.0000    0.397
    52   0.0000   1.4913   0.0126   0.0000  -0.0000   0.0000   0.0000   0.0000   0.0000  -0.0000  -0.0000    0.361
    53   0.0000   1.4812   0.0175   0.0000  -0.0000   0.0000   0.0000   0.0000   0.0000  -0.0000  -0.0000    0.351
    54   0.0000   1.4677   0.0222   0.0000  -0.0000   0.0000   0.0000   0.0000   0.0000  -0.0000  -0.0000    0.322
    55   0.0000   1.4510   0.0263   0.0000   0.0000   0.0000   0.0000   0.0000   0.0000  -0.0000  -0.0000    0.386
    56   0.0000   1.4314   0.0300   0.0000   0.0000   0.0000   0.0000   0.0000   0.0000  -0.0000  -0.0000    0.381
    57   0.0000   1.4092   0.0331   0.0000  -0.0000   0.0000   0.0000  -0.0000   0.0000  -0.0000  -0.0000    0.409
    58   0.0000   1.3846   0.0355   0.0000   0.0000   0.0000   0.0000   0.0000   0.0000  -0.0000  -0.0000    0.395
    59   0.0000   1.3579   0.0373   0.0000  -0.0000   0.0000   0.0000  -0.0000   0.0000  -0.0000  -0.0000    0.433
    60   0.0000   1.3297   0.0384   0.0000  -0.0000   0.0000   0.0000  -0.0000   0.0000  -0.0000  -0.0000    0.431
    61   0.0000   1.3003   0.0388   0.0000  -0.0000   0.0000   0.0000   0.0000   0.0000  -0.0000  -0.0000    0.428
    62   0.0000   1.2701   0.0386   0.0000  -0.0000   0.0000   0.0000  -0.0000   0.0000  -0.0000  -0.0000    0.339
    63   0.0000   1.2396   0.0378   0.0000   0.0000   0.0000   0.0000  -0.0000   0.0000  -0.0000  -0.0000    0.402
    64   0.0000   1.2093   0.0364   0.0000   0.0000   0.0000   0.0000   0.0000   0.0000  -0.0000  -0.0000    0.345
    65   0.0000   1.1795   0.0346   0.0000   0.0000   0.0000   0.0000   0.0000   0.0000  -0.0000  -0.0000    0.328
    66   0.0000   1.1508   0.0323   0.0000   0.0000   0.0000   0.0000  -0.0000   0.0000  -0.0000  -0.0000    0.361
    67   0.0000   1.1236   0.0296   0.0000   0.0000   0.0000   0.0000   0.0000   0.0000  -0.0000  -0.0000    0.278
    68   0.0000   1.0982   0.0267   0.0000   0.0000   0.0000   0.0000  -0.0000   0.0000   0.0000  -0.0000    0.230
    69   0.0000   1.0751   0.0235   0.0000  -0.0000   0.0000   0.0000   0.0000   0.0000   0.0000  -0.0000    0.203
    70   0.0000   1.0546   0.0201   0.0000   0.0000   0.0000   0.0000   0.0000   0.0000   0.0000  -0.0000    0.074
    71   0.0000   1.0370   0.0166   0.0000   0.0000   0.0000   0.0000  -0.0000   0.0000  -0.0000  -0.0000    0.265
    72   0.0000   1.0226   0.0130   0.0000  -0.0000   0.0000   0.0000  -0.0000   0.0000  -0.0000  -0.0000    0.278
    73   0.0000   1.0116   0.0093   0.0000   0.0000   0.0000   0.0000  -0.0000   0.0000   0.0000  -0.0000    0.218
    74   0.0000   1.0042   0.0056   0.0000   0.0000   0.0000   0.0000  -0.0000   0.0000  -0.0000  -0.0000    0.285
    75   0.0000   1.0005   0.0019   0.0000   0.0000   0.0000   0.0000  -0.0000   0.0000   0.0000  -0.0000    0.213
 ---------------------------------------------------------------
