 ---------------------------------------------------------------
 Surface and Strip Forces by surface

  Forces referred to Sref, Cref, Bref about Xref, Yref, Zref
 Standard axis orientation,  X fwd, Z down         

  Surface # 1     main_wing                               
     # Chordwise = 10   # Spanwise = 25     First strip =  1
     Surface area =    7.861920       Ave. chord =    1.473425
     CLsurf  =   0.11035     Clsurf  =  -0.01957
     CYsurf  =  -0.00210     Cmsurf  =  -0.14700
     CDsurf  =   0.00127     Cnsurf  =  -0.00011
     CDisurf =   0.00127     CDvsurf =   0.00000

  Forces referred to Ssurf, Cave about hinge axis thru LE
     CLsurf  =   0.22059     CDsurf  =   0.00254
     Deflect =

 Strip Forces referred to Strip Area, Chord
    j      Yle    Chord     Area     c cl      ai      cl_norm  cl       cd       cdv    cm_c/4    cm_LE  C.P.x/c
     1   0.0062   3.3979   0.0842   0.5295   0.0383   0.1588   0.1557   0.0063   0.0000  -0.0577  -0.0943    0.621
     2   0.0556   3.3815   0.2500   0.5236   0.0379   0.1580   0.1549   0.0012   0.0000  -0.0575  -0.0939    0.621
     3   0.1538   3.3487   0.4083   0.5229   0.0384   0.1593   0.1562   0.0010   0.0000  -0.0575  -0.0942    0.618
     4   0.2990   3.3003   0.5545   0.5217   0.0405   0.1613   0.1581   0.0011   0.0000  -0.0570  -0.0942    0.611
     5   0.4891   3.2370   0.6844   0.5180   0.0453   0.1633   0.1601   0.0012   0.0000  -0.0554  -0.0931    0.596
     6   0.6904   3.0342   0.5705   0.5025   0.0374   0.1683   0.1657   0.0017   0.0000  -0.0540  -0.0825    0.576
     7   0.8923   2.6641   0.5728   0.4807   0.0259   0.1833   0.1805   0.0025   0.0000  -0.0554  -0.0869    0.557
     8   1.1195   2.2475   0.5363   0.4576   0.0181   0.2068   0.2036   0.0038   0.0000  -0.0574  -0.0937    0.532
     9   1.3685   1.7910   0.4629   0.4347   0.0069   0.2465   0.2426   0.0066   0.0000  -0.0619  -0.1060    0.505
    10   1.6551   1.5035   0.4723   0.4278   0.0186   0.3465   0.2844   0.0085   0.0000  -0.0667  -0.1212    0.484
    11   1.9763   1.4072   0.4605   0.4204   0.0272   0.3639   0.2987   0.0068   0.0000  -0.0643  -0.1223    0.465
    12   2.3081   1.3077   0.4383   0.4015   0.0273   0.3741   0.3071   0.0052   0.0000  -0.0631  -0.1231    0.456
    13   2.6452   1.2066   0.4076   0.3736   0.0248   0.3772   0.3097   0.0037   0.0000  -0.0626  -0.1232    0.452
    14   2.9824   1.1055   0.3705   0.3387   0.0212   0.3733   0.3065   0.0022   0.0000  -0.0623  -0.1222    0.453
    15   3.3142   1.0060   0.3292   0.2988   0.0169   0.3620   0.2972   0.0009   0.0000  -0.0622  -0.1201    0.459
    16   3.6354   0.9097   0.2857   0.2559   0.0120   0.3429   0.2815  -0.0003   0.0000  -0.0621  -0.1165    0.471
    17   3.9410   0.8180   0.2422   0.2117   0.0066   0.3155   0.2590  -0.0014   0.0000  -0.0621  -0.1116    0.490
    18   4.2262   0.7325   0.2002   0.1680   0.0006   0.2796   0.2295  -0.0022   0.0000  -0.0621  -0.1051    0.521
    19   4.4865   0.6544   0.1612   0.1266  -0.0061   0.2359   0.1936  -0.0027   0.0000  -0.0623  -0.0973    0.572
    20   4.7177   0.5851   0.1260   0.0894  -0.0136   0.1863   0.1529  -0.0028   0.0000  -0.0626  -0.0887    0.660
    21   4.9163   0.5256   0.0951   0.0582  -0.0216   0.1351   0.1109  -0.0027   0.0000  -0.0632  -0.0800    0.820
    22   5.0790   0.4768   0.0686   0.0348  -0.0286   0.0890   0.0731  -0.0025   0.0000  -0.0636  -0.0720    1.120
    23   5.2034   0.4395   0.0459   0.0196  -0.0318   0.0545   0.0447  -0.0025   0.0000  -0.0611  -0.0635    1.616
    24   5.2874   0.4143   0.0262   0.0106  -0.0285   0.0314   0.0258  -0.0027   0.0000  -0.0490  -0.0487
    25   5.3297   0.4016   0.0085   0.0036  -0.0219   0.0111   0.0091  -0.0020   0.0000  -0.0201  -0.0197

  Surface # 2     main_wing (YDUP)                        
     # Chordwise = 10   # Spanwise = 25     First strip = 26
     Surface area =    7.861920       Ave. chord =    1.473425
     CLsurf  =   0.11035     Clsurf  =   0.01957
     CYsurf  =   0.00210     Cmsurf  =  -0.14700
     CDsurf  =   0.00127     Cnsurf  =   0.00011
     CDisurf =   0.00127     CDvsurf =   0.00000

  Forces referred to Ssurf, Cave about hinge axis thru LE
     CLsurf  =   0.22059     CDsurf  =   0.00254
     Deflect =

 Strip Forces referred to Strip Area, Chord
    j      Yle    Chord     Area     c cl      ai      cl_norm  cl       cd       cdv    cm_c/4    cm_LE  C.P.x/c
    26  -0.0062   3.3979   0.0842   0.5295   0.0383   0.1588   0.1557   0.0063   0.0000  -0.0577   0.0943    0.621
    27  -0.0556   3.3815   0.2500   0.5236   0.0379   0.1580   0.1549   0.0012   0.0000  -0.0575   0.0939    0.621
    28  -0.1538   3.3487   0.4083   0.5229   0.0384   0.1593   0.1562   0.0010   0.0000  -0.0575   0.0942    0.618
    29  -0.2990   3.3003   0.5545   0.5217   0.0405   0.1613   0.1581   0.0011   0.0000  -0.0570   0.0942    0.611
    30  -0.4891   3.2370   0.6844   0.5180   0.0453   0.1633   0.1601   0.0012   0.0000  -0.0554   0.0931    0.596
    31  -0.6904   3.0342   0.5705   0.5025   0.0374   0.1683   0.1657   0.0017   0.0000  -0.0540   0.0825    0.576
    32  -0.8923   2.6641   0.5728   0.4807   0.0259   0.1833   0.1805   0.0025   0.0000  -0.0554   0.0869    0.557
    33  -1.1195   2.2475   0.5363   0.4576   0.0181   0.2068   0.2036   0.0038   0.0000  -0.0574   0.0937    0.532
    34  -1.3685   1.7910   0.4629   0.4347   0.0069   0.2465   0.2426   0.0066   0.0000  -0.0619   0.1060    0.505
    35  -1.6551   1.5035   0.4723   0.4278   0.0186   0.3465   0.2844   0.0085   0.0000  -0.0667   0.1212    0.484
    36  -1.9763   1.4072   0.4605   0.4204   0.0272   0.3639   0.2987   0.0068   0.0000  -0.0643   0.1223    0.465
    37  -2.3081   1.3077   0.4383   0.4015   0.0273   0.3741   0.3071   0.0052   0.0000  -0.0631   0.1231    0.456
    38  -2.6452   1.2066   0.4076   0.3736   0.0248   0.3772   0.3097   0.0037   0.0000  -0.0626   0.1232    0.452
    39  -2.9824   1.1055   0.3705   0.3387   0.0212   0.3733   0.3065   0.0022   0.0000  -0.0623   0.1222    0.453
    40  -3.3142   1.0060   0.3292   0.2988   0.0169   0.3620   0.2972   0.0009   0.0000  -0.0622   0.1201    0.459
    41  -3.6354   0.9097   0.2857   0.2559   0.0120   0.3429   0.2815  -0.0003   0.0000  -0.0621   0.1165    0.471
    42  -3.9410   0.8180   0.2422   0.2117   0.0066   0.3155   0.2590  -0.0014   0.0000  -0.0621   0.1116    0.490
    43  -4.2262   0.7325   0.2002   0.1680   0.0006   0.2796   0.2295  -0.0022   0.0000  -0.0621   0.1051    0.521
    44  -4.4865   0.6544   0.1612   0.1266  -0.0061   0.2359   0.1936  -0.0027   0.0000  -0.0623   0.0973    0.572
    45  -4.7177   0.5851   0.1260   0.0894  -0.0136   0.1863   0.1529  -0.0028   0.0000  -0.0626   0.0887    0.660
    46  -4.9163   0.5256   0.0951   0.0582  -0.0216   0.1351   0.1109  -0.0027   0.0000  -0.0632   0.0800    0.820
    47  -5.0790   0.4768   0.0686   0.0348  -0.0286   0.0890   0.0731  -0.0025   0.0000  -0.0636   0.0720    1.120
    48  -5.2034   0.4395   0.0459   0.0196  -0.0318   0.0545   0.0447  -0.0025   0.0000  -0.0611   0.0635    1.616
    49  -5.2874   0.4143   0.0262   0.0106  -0.0285   0.0314   0.0258  -0.0027   0.0000  -0.0490   0.0487
    50  -5.3297   0.4016   0.0085   0.0036  -0.0219   0.0111   0.0091  -0.0020   0.0000  -0.0201   0.0197

  Surface # 3     vertical_stabilizer                     
     # Chordwise = 10   # Spanwise = 25     First strip = 51
     Surface area =    0.624999       Ave. chord =    1.249999
     CLsurf  =   0.00000     Clsurf  =  -0.00000
     CYsurf  =  -0.00000     Cmsurf  =  -0.00000
     CDsurf  =  -0.00000     Cnsurf  =   0.00000
     CDisurf =  -0.00000     CDvsurf =   0.00000

  Forces referred to Ssurf, Cave about hinge axis thru LE
     CLsurf  =   0.00000     CDsurf  =  -0.00000
     Deflect =

 Strip Forces referred to Strip Area, Chord
    j      Yle    Chord     Area     c cl      ai      cl_norm  cl       cd       cdv    cm_c/4    cm_LE  C.P.x/c
    51   0.0000   1.4980   0.0074   0.0000  -0.0000   0.0000   0.0000   0.0000   0.0000   0.0000   0.0000   -0.392
    52   0.0000   1.4913   0.0126   0.0000   0.0000   0.0000   0.0000  -0.0000   0.0000   0.0000   0.0000   -0.352
    53   0.0000   1.4812   0.0175   0.0000   0.0000   0.0000   0.0000  -0.0000   0.0000   0.0000   0.0000   -0.252
    54   0.0000   1.4677   0.0222   0.0000   0.0000   0.0000   0.0000   0.0000   0.0000   0.0000   0.0000   -0.504
    55   0.0000   1.4510   0.0263   0.0000  -0.0000   0.0000   0.0000   0.0000   0.0000   0.0000   0.0000   -0.824
    56   0.0000   1.4314   0.0300   0.0000  -0.0000   0.0000   0.0000   0.0000   0.0000   0.0000   0.0000   -0.994
    57   0.0000   1.4092   0.0331   0.0000   0.0000   0.0000   0.0000  -0.0000   0.0000   0.0000   0.0000   -0.416
    58   0.0000   1.3846   0.0355   0.0000   0.0000   0.0000   0.0000  -0.0000   0.0000   0.0000   0.0000   -0.118
    59   0.0000   1.3579   0.0373   0.0000   0.0000   0.0000   0.0000   0.0000   0.0000   0.0000   0.0000   -0.017
    60   0.0000   1.3297   0.0384   0.0000   0.0000   0.0000   0.0000  -0.0000   0.0000   0.0000   0.0000   -0.182
    61   0.0000   1.3003   0.0388   0.0000  -0.0000   0.0000   0.0000  -0.0000   0.0000   0.0000   0.0000   -0.171
    62   0.0000   1.2701   0.0386   0.0000   0.0000   0.0000   0.0000  -0.0000   0.0000   0.0000   0.0000   -0.315
    63   0.0000   1.2396   0.0378   0.0000   0.0000   0.0000   0.0000  -0.0000   0.0000   0.0000   0.0000   -0.229
    64   0.0000   1.2093   0.0364   0.0000   0.0000   0.0000   0.0000  -0.0000   0.0000   0.0000   0.0000   -0.339
    65   0.0000   1.1795   0.0346   0.0000   0.0000   0.0000   0.0000   0.0000   0.0000   0.0000   0.0000   -0.194
    66   0.0000   1.1508   0.0323   0.0000   0.0000   0.0000   0.0000  -0.0000   0.0000   0.0000   0.0000   -0.650
    67   0.0000   1.1236   0.0296   0.0000   0.0000   0.0000   0.0000  -0.0000   0.0000   0.0000   0.0000   -0.534
    68   0.0000   1.0982   0.0267   0.0000   0.0000   0.0000   0.0000   0.0000   0.0000   0.0000   0.0000   -0.831
    69   0.0000   1.0751   0.0235   0.0000   0.0000   0.0000   0.0000  -0.0000   0.0000   0.0000   0.0000   -0.613
    70   0.0000   1.0546   0.0201   0.0000   0.0000   0.0000   0.0000  -0.0000   0.0000   0.0000   0.0000   -0.142
    71   0.0000   1.0370   0.0166   0.0000   0.0000   0.0000   0.0000  -0.0000   0.0000   0.0000   0.0000   -0.152
    72   0.0000   1.0226   0.0130   0.0000   0.0000   0.0000   0.0000  -0.0000   0.0000   0.0000   0.0000   -0.332
    73   0.0000   1.0116   0.0093   0.0000   0.0000   0.0000   0.0000  -0.0000   0.0000   0.0000   0.0000   -0.281
    74   0.0000   1.0042   0.0056   0.0000   0.0000   0.0000   0.0000  -0.0000   0.0000   0.0000   0.0000   -0.369
    75   0.0000   1.0005   0.0019   0.0000   0.0000   0.0000   0.0000  -0.0000   0.0000   0.0000   0.0000   -0.145
 ---------------------------------------------------------------
