 ---------------------------------------------------------------
 Surface and Strip Forces by surface

  Forces referred to Sref, Cref, Bref about Xref, Yref, Zref
 Standard axis orientation,  X fwd, Z down         

  Surface # 1     main_wing                               
     # Chordwise = 10   # Spanwise = 25     First strip =  1
     Surface area =    7.861920       Ave. chord =    1.473425
     CLsurf  =   0.41559     Clsurf  =  -0.07784
     CYsurf  =  -0.01349     Cmsurf  =  -0.45308
     CDsurf  =   0.01661     Cnsurf  =  -0.00880
     CDisurf =   0.01661     CDvsurf =   0.00000

  Forces referred to Ssurf, Cave about hinge axis thru LE
     CLsurf  =   0.83095     CDsurf  =   0.03320
     Deflect =

 Strip Forces referred to Strip Area, Chord
    j      Yle    Chord     Area     c cl      ai      cl_norm  cl       cd       cdv    cm_c/4    cm_LE  C.P.x/c
     1   0.0062   3.3979   0.0842   1.9316   0.1443   0.5633   0.5521   0.1422   0.0000  -0.0574  -0.1949    0.354
     2   0.0556   3.3815   0.2500   1.8840   0.1435   0.5680   0.5568   0.0507   0.0000  -0.0565  -0.1913    0.351
     3   0.1538   3.3487   0.4083   1.8782   0.1435   0.5728   0.5615   0.0458   0.0000  -0.0558  -0.1915    0.349
     4   0.2990   3.3003   0.5545   1.8696   0.1452   0.5787   0.5673   0.0451   0.0000  -0.0544  -0.1915    0.346
     5   0.4891   3.2370   0.6844   1.8499   0.1503   0.5838   0.5723   0.0452   0.0000  -0.0520  -0.1904    0.341
     6   0.6904   3.0342   0.5705   1.8089   0.1352   0.6068   0.5972   0.0458   0.0000  -0.0516  -0.1741    0.336
     7   0.8923   2.6641   0.5728   1.7432   0.1109   0.6665   0.6560   0.0473   0.0000  -0.0532  -0.1881    0.331
     8   1.1195   2.2475   0.5363   1.6613   0.0860   0.7537   0.7418   0.0496   0.0000  -0.0569  -0.2097    0.327
     9   1.3685   1.7910   0.4629   1.5652   0.0451   0.8917   0.8776   0.0549   0.0000  -0.0667  -0.2475    0.326
    10   1.6551   1.5035   0.4723   1.4887   0.0476   1.2086   0.9961   0.0530   0.0000  -0.0742  -0.2840    0.325
    11   1.9763   1.4072   0.4605   1.4338   0.0639   1.2462   1.0272   0.0424   0.0000  -0.0692  -0.2859    0.317
    12   2.3081   1.3077   0.4383   1.3654   0.0656   1.2795   1.0546   0.0325   0.0000  -0.0664  -0.2890    0.313
    13   2.6452   1.2066   0.4076   1.2848   0.0629   1.3068   1.0771   0.0236   0.0000  -0.0649  -0.2923    0.310
    14   2.9824   1.1055   0.3705   1.1939   0.0582   1.3272   1.0939   0.0153   0.0000  -0.0641  -0.2949    0.309
    15   3.3142   1.0060   0.3292   1.0950   0.0526   1.3396   1.1042   0.0066   0.0000  -0.0635  -0.2963    0.308
    16   3.6354   0.9097   0.2857   0.9909   0.0466   1.3424   1.1064  -0.0013   0.0000  -0.0630  -0.2960    0.307
    17   3.9410   0.8180   0.2422   0.8843   0.0407   1.3338   1.0993  -0.0092   0.0000  -0.0624  -0.2937    0.307
    18   4.2262   0.7325   0.2002   0.7775   0.0355   1.3112   1.0808  -0.0163   0.0000  -0.0615  -0.2886    0.307
    19   4.4865   0.6544   0.1612   0.6728   0.0317   1.2714   1.0479  -0.0224   0.0000  -0.0599  -0.2798    0.307
    20   4.7177   0.5851   0.1260   0.5714   0.0306   1.2089   0.9964  -0.0272   0.0000  -0.0571  -0.2659    0.307
    21   4.9163   0.5256   0.0951   0.4731   0.0336   1.1154   0.9193  -0.0301   0.0000  -0.0517  -0.2443    0.306
    22   5.0790   0.4768   0.0686   0.3758   0.0416   0.9775   0.8057  -0.0304   0.0000  -0.0423  -0.2113    0.303
    23   5.2034   0.4395   0.0459   0.2759   0.0538   0.7793   0.6423  -0.0271   0.0000  -0.0286  -0.1638    0.295
    24   5.2874   0.4143   0.0262   0.1703   0.0683   0.5106   0.4208  -0.0195   0.0000  -0.0141  -0.1032    0.284
    25   5.3297   0.4016   0.0085   0.0579   0.0805   0.1795   0.1479  -0.0090   0.0000  -0.0039  -0.0353    0.276

  Surface # 2     main_wing (YDUP)                        
     # Chordwise = 10   # Spanwise = 25     First strip = 26
     Surface area =    7.861920       Ave. chord =    1.473425
     CLsurf  =   0.41559     Clsurf  =   0.07784
     CYsurf  =   0.01349     Cmsurf  =  -0.45308
     CDsurf  =   0.01660     Cnsurf  =   0.00880
     CDisurf =   0.01660     CDvsurf =   0.00000

  Forces referred to Ssurf, Cave about hinge axis thru LE
     CLsurf  =   0.83096     CDsurf  =   0.03318
     Deflect =

 Strip Forces referred to Strip Area, Chord
    j      Yle    Chord     Area     c cl      ai      cl_norm  cl       cd       cdv    cm_c/4    cm_LE  C.P.x/c
    26  -0.0062   3.3979   0.0842   1.9316   0.1443   0.5633   0.5521   0.1422   0.0000  -0.0574   0.1949    0.354
    27  -0.0556   3.3815   0.2500   1.8840   0.1435   0.5680   0.5568   0.0507   0.0000  -0.0565   0.1913    0.351
    28  -0.1538   3.3487   0.4083   1.8782   0.1435   0.5728   0.5615   0.0458   0.0000  -0.0558   0.1915    0.349
    29  -0.2990   3.3003   0.5545   1.8696   0.1452   0.5787   0.5673   0.0451   0.0000  -0.0544   0.1915    0.346
    30  -0.4891   3.2370   0.6844   1.8499   0.1503   0.5838   0.5723   0.0452   0.0000  -0.0520   0.1904    0.341
    31  -0.6904   3.0342   0.5705   1.8089   0.1352   0.6068   0.5972   0.0458   0.0000  -0.0516   0.1741    0.336
    32  -0.8923   2.6641   0.5728   1.7432   0.1109   0.6665   0.6560   0.0473   0.0000  -0.0532   0.1881    0.331
    33  -1.1195   2.2475   0.5363   1.6613   0.0860   0.7537   0.7418   0.0496   0.0000  -0.0569   0.2097    0.327
    34  -1.3685   1.7910   0.4629   1.5652   0.0451   0.8917   0.8776   0.0549   0.0000  -0.0667   0.2475    0.326
    35  -1.6551   1.5035   0.4723   1.4887   0.0476   1.2086   0.9961   0.0530   0.0000  -0.0742   0.2840    0.325
    36  -1.9763   1.4072   0.4605   1.4338   0.0639   1.2462   1.0272   0.0423   0.0000  -0.0692   0.2859    0.317
    37  -2.3081   1.3077   0.4383   1.3654   0.0656   1.2795   1.0546   0.0325   0.0000  -0.0664   0.2890    0.313
    38  -2.6452   1.2066   0.4076   1.2848   0.0629   1.3068   1.0771   0.0236   0.0000  -0.0649   0.2923    0.310
    39  -2.9824   1.1055   0.3705   1.1939   0.0582   1.3273   1.0940   0.0151   0.0000  -0.0640   0.2949    0.309
    40  -3.3142   1.0060   0.3292   1.0950   0.0526   1.3397   1.1042   0.0066   0.0000  -0.0635   0.2963    0.308
    41  -3.6354   0.9097   0.2857   0.9909   0.0466   1.3424   1.1064  -0.0014   0.0000  -0.0630   0.2960    0.307
    42  -3.9410   0.8180   0.2422   0.8843   0.0407   1.3338   1.0993  -0.0091   0.0000  -0.0624   0.2937    0.307
    43  -4.2262   0.7325   0.2002   0.7775   0.0355   1.3112   1.0808  -0.0163   0.0000  -0.0615   0.2886    0.307
    44  -4.4865   0.6544   0.1612   0.6728   0.0317   1.2714   1.0479  -0.0224   0.0000  -0.0599   0.2798    0.307
    45  -4.7177   0.5851   0.1260   0.5714   0.0306   1.2089   0.9964  -0.0272   0.0000  -0.0571   0.2659    0.307
    46  -4.9163   0.5256   0.0951   0.4731   0.0336   1.1154   0.9193  -0.0301   0.0000  -0.0517   0.2443    0.306
    47  -5.0790   0.4768   0.0686   0.3758   0.0416   0.9775   0.8057  -0.0304   0.0000  -0.0423   0.2113    0.303
    48  -5.2034   0.4395   0.0459   0.2759   0.0538   0.7793   0.6423  -0.0271   0.0000  -0.0286   0.1638    0.295
    49  -5.2874   0.4143   0.0262   0.1703   0.0683   0.5106   0.4208  -0.0195   0.0000  -0.0141   0.1032    0.284
    50  -5.3297   0.4016   0.0085   0.0579   0.0805   0.1795   0.1479  -0.0090   0.0000  -0.0039   0.0353    0.276

  Surface # 3     vertical_stabilizer                     
     # Chordwise = 10   # Spanwise = 25     First strip = 51
     Surface area =    0.624999       Ave. chord =    1.249999
     CLsurf  =   0.00000     Clsurf  =   0.00000
     CYsurf  =   0.00000     Cmsurf  =  -0.00000
     CDsurf  =  -0.00000     Cnsurf  =  -0.00000
     CDisurf =  -0.00000     CDvsurf =   0.00000

  Forces referred to Ssurf, Cave about hinge axis thru LE
     CLsurf  =  -0.00000     CDsurf  =  -0.00000
     Deflect =

 Strip Forces referred to Strip Area, Chord
    j      Yle    Chord     Area     c cl      ai      cl_norm  cl       cd       cdv    cm_c/4    cm_LE  C.P.x/c
    51   0.0000   1.4980   0.0074  -0.0000   0.0000  -0.0000  -0.0000  -0.0000   0.0000   0.0000   0.0000    0.411
    52   0.0000   1.4913   0.0126  -0.0000  -0.0000  -0.0000  -0.0000  -0.0000   0.0000   0.0000   0.0000    0.433
    53   0.0000   1.4812   0.0175  -0.0000   0.0000  -0.0000  -0.0000   0.0000   0.0000   0.0000   0.0000    0.376
    54   0.0000   1.4677   0.0222  -0.0000  -0.0000  -0.0000  -0.0000  -0.0000   0.0000  -0.0000   0.0000    0.244
    55   0.0000   1.4510   0.0263  -0.0000  -0.0000  -0.0000  -0.0000  -0.0000   0.0000  -0.0000   0.0000    0.202
    56   0.0000   1.4314   0.0300  -0.0000   0.0000  -0.0000  -0.0000  -0.0000   0.0000  -0.0000   0.0000    0.177
    57   0.0000   1.4092   0.0331  -0.0000  -0.0000  -0.0000  -0.0000  -0.0000   0.0000  -0.0000   0.0000    0.132
    58   0.0000   1.3846   0.0355  -0.0000   0.0000  -0.0000  -0.0000   0.0000   0.0000  -0.0000   0.0000    0.072
    59   0.0000   1.3579   0.0373  -0.0000   0.0000  -0.0000  -0.0000   0.0000   0.0000  -0.0000   0.0000    0.106
    60   0.0000   1.3297   0.0384  -0.0000   0.0000  -0.0000  -0.0000  -0.0000   0.0000  -0.0000   0.0000   -0.024
    61   0.0000   1.3003   0.0388  -0.0000  -0.0000  -0.0000  -0.0000  -0.0000   0.0000  -0.0000   0.0000    0.013
    62   0.0000   1.2701   0.0386  -0.0000   0.0000  -0.0000  -0.0000  -0.0000   0.0000  -0.0000   0.0000    0.168
    63   0.0000   1.2396   0.0378  -0.0000   0.0000  -0.0000  -0.0000  -0.0000   0.0000  -0.0000   0.0000   -0.037
    64   0.0000   1.2093   0.0364  -0.0000   0.0000  -0.0000  -0.0000  -0.0000   0.0000  -0.0000   0.0000    0.194
    65   0.0000   1.1795   0.0346  -0.0000   0.0000  -0.0000  -0.0000  -0.0000   0.0000  -0.0000   0.0000    0.209
    66   0.0000   1.1508   0.0323  -0.0000   0.0000  -0.0000  -0.0000  -0.0000   0.0000  -0.0000  -0.0000   -0.150
    67   0.0000   1.1236   0.0296  -0.0000   0.0000  -0.0000  -0.0000  -0.0000   0.0000  -0.0000   0.0000    0.151
    68   0.0000   1.0982   0.0267  -0.0000   0.0000  -0.0000  -0.0000   0.0000   0.0000  -0.0000  -0.0000   -0.121
    69   0.0000   1.0751   0.0235  -0.0000   0.0000  -0.0000  -0.0000   0.0000   0.0000  -0.0000   0.0000   -0.008
    70   0.0000   1.0546   0.0201  -0.0000   0.0000  -0.0000  -0.0000   0.0000   0.0000  -0.0000   0.0000    0.060
    71   0.0000   1.0370   0.0166  -0.0000   0.0000  -0.0000  -0.0000  -0.0000   0.0000   0.0000   0.0000    0.320
    72   0.0000   1.0226   0.0130  -0.0000   0.0000  -0.0000  -0.0000  -0.0000   0.0000  -0.0000   0.0000    0.237
    73   0.0000   1.0116   0.0093  -0.0000  -0.0000  -0.0000  -0.0000  -0.0000   0.0000  -0.0000   0.0000    0.218
    74   0.0000   1.0042   0.0056  -0.0000   0.0000  -0.0000  -0.0000   0.0000   0.0000   0.0000   0.0000    0.257
    75   0.0000   1.0005   0.0019  -0.0000   0.0000  -0.0000  -0.0000   0.0000   0.0000  -0.0000   0.0000    0.223
 ---------------------------------------------------------------
