 ---------------------------------------------------------------
 Surface and Strip Forces by surface

  Forces referred to Sref, Cref, Bref about Xref, Yref, Zref
 Standard axis orientation,  X fwd, Z down         

  Surface # 1     main_wing                               
     # Chordwise = 10   # Spanwise = 25     First strip =  1
     Surface area =  144.736923       Ave. chord =    6.417222
     CLsurf  =   0.66265     Clsurf  =  -0.13489
     CYsurf  =  -0.04763     Cmsurf  =  -3.27679
     CDsurf  =   0.04049     Cnsurf  =  -0.00709
     CDisurf =   0.04049     CDvsurf =   0.00000

  Forces referred to Ssurf, Cave about hinge axis thru LE
     CLsurf  =   1.19296     CDsurf  =   0.07273
     Deflect =

 Strip Forces referred to Strip Area, Chord
    j      Yle    Chord     Area     c cl      ai      cl_norm  cl       cd       cdv    cm_c/4    cm_LE  C.P.x/c
     1   0.0223  11.7667   1.0536  12.8538   0.1396   1.0746   0.8892   1.0361   0.0000  -0.0374  -0.2729    0.292
     2   0.2004  11.6610   3.1158  10.5233   0.1395   1.0602   0.8773   0.2110   0.0000  -0.0396  -0.2340    0.295
     3   0.5536  11.4511   5.0460  10.3503   0.1392   1.0753   0.8898   0.1610   0.0000  -0.0354  -0.2309    0.290
     4   1.0766  11.1405   6.7640  10.2867   0.1385   1.1042   0.9137   0.1434   0.0000  -0.0293  -0.2300    0.282
     5   1.7609  10.7340   8.2016  10.2144   0.1373   1.1427   0.9456   0.1297   0.0000  -0.0228  -0.2308    0.274
     6   2.5959  10.2381   9.3059  10.1239   0.1352   1.1931   0.9872   0.1139   0.0000  -0.0168  -0.2340    0.267
     7   3.5683   9.6605  10.0420   9.9743   0.1317   1.2506   1.0349   0.1006   0.0000  -0.0121  -0.2397    0.262
     8   4.6629   9.0103  10.3947   9.7606   0.1265   1.3146   1.0878   0.0963   0.0000  -0.0086  -0.2481    0.258
     9   5.8623   8.2979  10.3690   9.4782   0.1187   1.3902   1.1504   0.0864   0.0000  -0.0066  -0.2595    0.256
    10   7.1477   7.5344   9.9894   9.1139   0.1073   1.4777   1.2227   0.0713   0.0000  -0.0066  -0.2745    0.255
    11   8.4987   6.7319   9.2980   8.7696   0.0887   1.5966   1.3212   0.0571   0.0000  -0.0080  -0.2963    0.256
    12   9.8834   6.1393   8.5852   8.2027   0.0744   1.8392   1.3579   0.0470   0.0000   0.0022  -0.2936    0.248
    13  11.2797   5.7744   8.1391   7.8177   0.0788   1.8676   1.3789   0.0342   0.0000   0.0064  -0.2941    0.245
    14  12.6759   5.4094   7.5645   7.4306   0.0810   1.8982   1.4015   0.0239   0.0000   0.0090  -0.2963    0.244
    15  14.0502   5.0502   6.8947   7.0294   0.0832   1.9255   1.4216   0.0174   0.0000   0.0111  -0.2987    0.242
    16  15.3807   4.7024   6.1627   6.6097   0.0868   1.9469   1.4375   0.0092   0.0000   0.0132  -0.2999    0.241
    17  16.6466   4.3716   5.3996   6.1699   0.0929   1.9571   1.4450   0.0021   0.0000   0.0161  -0.2988    0.239
    18  17.8278   4.0628   4.6329   5.7053   0.1029   1.9489   1.4389  -0.0034   0.0000   0.0204  -0.2937    0.236
    19  18.9058   3.7811   3.8850   5.2058   0.1180   1.9126   1.4122  -0.0095   0.0000   0.0274  -0.2819    0.231
    20  19.8634   3.5308   3.1723   4.6517   0.1382   1.8325   1.3530  -0.0167   0.0000   0.0383  -0.2597    0.222
    21  20.6858   3.3158   2.5043   4.0160   0.1613   1.6875   1.2459  -0.0249   0.0000   0.0536  -0.2236    0.207
    22  21.3597   3.1397   1.8842   3.2766   0.1830   1.4578   1.0764  -0.0340   0.0000   0.0697  -0.1732    0.185
    23  21.8748   3.0051   1.3089   2.4309   0.1997   1.1347   0.8378  -0.0422   0.0000   0.0771  -0.1152    0.158
    24  22.2227   2.9141   0.7697   1.4967   0.2106   0.7255   0.5357  -0.0436   0.0000   0.0638  -0.0608    0.131
    25  22.3980   2.8683   0.2539   0.5055   0.2160   0.2546   0.1880  -0.0339   0.0000   0.0254  -0.0180    0.115

  Surface # 2     main_wing (YDUP)                        
     # Chordwise = 10   # Spanwise = 25     First strip = 26
     Surface area =  144.736923       Ave. chord =    6.417222
     CLsurf  =   0.66237     Clsurf  =   0.13484
     CYsurf  =   0.04779     Cmsurf  =  -3.27590
     CDsurf  =   0.04074     Cnsurf  =   0.00700
     CDisurf =   0.04074     CDvsurf =   0.00000

  Forces referred to Ssurf, Cave about hinge axis thru LE
     CLsurf  =   1.19250     CDsurf  =   0.07318
     Deflect =

 Strip Forces referred to Strip Area, Chord
    j      Yle    Chord     Area     c cl      ai      cl_norm  cl       cd       cdv    cm_c/4    cm_LE  C.P.x/c
    26  -0.0223  11.7667   1.0536  12.8538   0.1396   1.0746   0.8892   1.0361   0.0000  -0.0374   0.2729    0.292
    27  -0.2004  11.6610   3.1158  10.5234   0.1395   1.0602   0.8773   0.2110   0.0000  -0.0396   0.2340    0.295
    28  -0.5536  11.4511   5.0460  10.3503   0.1392   1.0753   0.8898   0.1611   0.0000  -0.0354   0.2309    0.290
    29  -1.0766  11.1405   6.7640  10.2865   0.1385   1.1040   0.9136   0.1437   0.0000  -0.0293   0.2300    0.282
    30  -1.7609  10.7340   8.2016  10.2153   0.1373   1.1427   0.9455   0.1303   0.0000  -0.0228   0.2308    0.274
    31  -2.5959  10.2381   9.3059  10.1178   0.1352   1.1922   0.9866   0.1142   0.0000  -0.0168   0.2339    0.267
    32  -3.5683   9.6605  10.0420   9.9782   0.1317   1.2499   1.0342   0.1053   0.0000  -0.0119   0.2396    0.262
    33  -4.6629   9.0103  10.3947   9.7609   0.1265   1.3151   1.0882   0.0948   0.0000  -0.0085   0.2480    0.258
    34  -5.8623   8.2979  10.3690   9.4756   0.1187   1.3890   1.1494   0.0896   0.0000  -0.0067   0.2595    0.256
    35  -7.1477   7.5344   9.9894   9.1138   0.1073   1.4775   1.2226   0.0719   0.0000  -0.0066   0.2745    0.255
    36  -8.4987   6.7319   9.2980   8.7354   0.0887   1.5908   1.3164   0.0553   0.0000  -0.0092   0.2962    0.257
    37  -9.8834   6.1393   8.5852   8.2029   0.0744   1.8392   1.3580   0.0468   0.0000   0.0022   0.2936    0.248
    38 -11.2797   5.7744   8.1391   7.8182   0.0788   1.8678   1.3791   0.0339   0.0000   0.0064   0.2941    0.245
    39 -12.6759   5.4094   7.5645   7.4312   0.0810   1.8982   1.4015   0.0244   0.0000   0.0090   0.2963    0.244
    40 -14.0502   5.0502   6.8947   7.0293   0.0832   1.9255   1.4217   0.0172   0.0000   0.0111   0.2987    0.242
    41 -15.3807   4.7024   6.1627   6.6088   0.0868   1.9465   1.4372   0.0097   0.0000   0.0132   0.2999    0.241
    42 -16.6466   4.3716   5.3996   6.1697   0.0929   1.9568   1.4448   0.0028   0.0000   0.0161   0.2988    0.239
    43 -17.8278   4.0628   4.6329   5.7051   0.1029   1.9489   1.4389  -0.0037   0.0000   0.0204   0.2937    0.236
    44 -18.9058   3.7811   3.8850   5.2062   0.1180   1.9129   1.4124  -0.0101   0.0000   0.0274   0.2819    0.231
    45 -19.8634   3.5308   3.1723   4.6517   0.1382   1.8325   1.3530  -0.0167   0.0000   0.0383   0.2597    0.222
    46 -20.6858   3.3158   2.5043   4.0160   0.1613   1.6874   1.2459  -0.0249   0.0000   0.0536   0.2236    0.207
    47 -21.3597   3.1397   1.8842   3.2766   0.1830   1.4578   1.0763  -0.0340   0.0000   0.0697   0.1732    0.185
    48 -21.8748   3.0051   1.3089   2.4309   0.1997   1.1347   0.8378  -0.0422   0.0000   0.0771   0.1152    0.158
    49 -22.2227   2.9141   0.7697   1.4967   0.2106   0.7255   0.5357  -0.0436   0.0000   0.0638   0.0608    0.131
    50 -22.3980   2.8683   0.2539   0.5055   0.2160   0.2546   0.1880  -0.0339   0.0000   0.0254   0.0180    0.115
 ---------------------------------------------------------------
